793412159 GPS
SENSING
8 UPSAMPLING_FACTOR
-30 DELAY
2 2 2 FILTERS_ORDERS
8.8846204566059547e-14 -8.8492135824299791e-14 
1.0000000000000000e+00 4.1121834786548622e-01 
7.9182479863505167e-03 
1.0752688172043010e+00 0.0000000000000000e+00 
1.0000000000000000e+00 7.5268817204301078e-02 
2.3469116077000836e-18 
ACTUATION_ANALOG
0 DELAY
2 3 2 FILTERS_ORDERS
-8.5077909508582926e-21 -1.7015581901716591e-20 -8.5077909508582926e-21 
1.0000000000000000e+00 -1.9999706155547159e+00 9.9997070139679034e-01 
1.9009934100348930e+03 1.9300703575273640e+03 
7.5500000000000000e-01 2.4500000000000000e-01 
1.0000000000000000e+00 0.0000000000000000e+00 
-6.5682178655861966e-17 
ACTUATION_X
7 3 3 3 3 3 3 3 FILTERS_ORDERS
9.3166869111311379e-01 1.5331451466586079e+00 9.3166858521128393e-01 
1.0000000000000000e+00 1.6362908167685299e+00 9.8869733921612002e-01 
-1.7914839211381650e-17 -1.8186418350213524e-17 
1.0000000000000000e+00 1.8458454109193601e+00 9.9999992300200002e-01 
1.0000000000000000e+00 1.8387664146958400e+00 9.9232972926951002e-01 
-1.5882361031256219e-17 -1.6124273370404192e-17 
1.0000000000000000e+00 1.6454772482064199e+00 1.0000000000000000e+00 
1.0000000000000000e+00 1.6295288180582701e+00 9.8809243508778000e-01 
-1.6885446499674950e-17 -1.7142024086426874e-17 
1.0000000000000000e+00 1.6467579614688099e+00 1.0000000000000000e+00 
1.0000000000000000e+00 1.6463060620644800e+00 9.8834275140284999e-01 
-1.6936706819884432e-17 -1.7193910075258634e-17 
1.0000000000000000e+00 1.6486664219095399e+00 1.0000000000000000e+00 
1.0000000000000000e+00 1.6406793155763599e+00 9.9864568824146005e-01 
-1.6971149145016460e-17 -1.7229297790446394e-17 
1.0000000000000000e+00 1.6499375781328500e+00 1.0000000000000000e+00 
1.0000000000000000e+00 1.6524434534215700e+00 9.9866593351106003e-01 
-1.6959999965043076e-17 -1.7217719877960725e-17 
1.0000000000000000e+00 -1.9306804863383700e+00 9.9994781519425002e-01 
1.0000000000000000e+00 -1.9257061026932401e+00 9.9479496480113005e-01 
-8.9700331018449778e-16 -9.1101399578596052e-16 
ACTUATION_Y
7 3 3 3 3 3 3 3 FILTERS_ORDERS
8.0728051498036857e-01 1.3284531457802820e+00 8.0728042321761584e-01 
1.0000000000000000e+00 1.6362908167685299e+00 9.8869733921612002e-01 
-1.7914839211381650e-17 -1.8186418350213524e-17 
1.0000000000000000e+00 1.8458454109193601e+00 9.9999992300200002e-01 
1.0000000000000000e+00 1.8387664146958400e+00 9.9232972926951002e-01 
-1.3761888442444076e-17 -1.3971502782381158e-17 
1.0000000000000000e+00 1.6454772482064199e+00 1.0000000000000000e+00 
1.0000000000000000e+00 1.6295288180582701e+00 9.8809243508778000e-01 
-1.4631050797301170e-17 -1.4853372410489793e-17 
1.0000000000000000e+00 1.6467579614688099e+00 1.0000000000000000e+00 
1.0000000000000000e+00 1.6463060620644800e+00 9.8834275140284999e-01 
-1.4675467292232935e-17 -1.4898331040294281e-17 
1.0000000000000000e+00 1.6486664219095399e+00 1.0000000000000000e+00 
1.0000000000000000e+00 1.6406793155763599e+00 9.9864568824146005e-01 
-1.4705311182271311e-17 -1.4928994100256660e-17 
1.0000000000000000e+00 1.6499375781328500e+00 1.0000000000000000e+00 
1.0000000000000000e+00 1.6524434534215700e+00 9.9866593351106003e-01 
-1.4695650542350141e-17 -1.4918961968402499e-17 
1.0000000000000000e+00 -1.9825117371493199e+00 9.9997362626914998e-01 
1.0000000000000000e+00 -1.9799269431641400e+00 9.9736606551536999e-01 
-3.0705040060059181e-15 -3.1149506172276491e-15 
