# seg	start    	stop     	duration
0	966384109	966384370	261
1	966384460	966384523	63
2	966384609	966385134	525
3	966385139	966385578	439
4	966385668	966385731	63
5	966386066	966386515	449
6	966386524	966387035	511
7	966387050	966414854	27804
8	966415153	966415753	600
9	966415758	966416269	511
10	966416284	966437768	21484
11	966438000	966438064	64
12	966439363	966440149	786
13	966440164	966440346	182
14	966440361	966440872	511
15	966440887	966457125	16238
16	966457503	966457606	103
17	966458443	966459281	838
18	966459296	966459384	88
19	966459399	966459908	509
20	966459923	966467673	7750
21	966468336	966469133	797
22	966469139	966469557	418
23	966469898	966470338	440
24	966470344	966470853	509
25	966470868	966490656	19788
26	966490765	966490826	61
27	966491076	966491138	62
28	966491697	966492230	533
29	966492236	966492745	509
30	966492760	966505515	12755
31	966505725	966506198	473
32	966506204	966506713	509
33	966506728	966507138	410
34	966507153	966507177	24
35	966507192	966550265	43073
36	966550503	966550969	466
37	966550973	966551485	512
38	966551500	966554674	3174
39	966554827	966555087	260
40	966555483	966555549	66
41	966555861	966556815	954
42	966556821	966556926	105
43	966557830	966558235	405
44	966558242	966558291	49
45	966558470	966558548	78
46	966558607	966558999	392
47	966559004	966559023	19
48	966559597	966560000	403
49	966560005	966560124	119
50	966560721	966560790	69
51	966562410	966562781	371
52	966563806	966564349	543
53	966564354	966564865	511
54	966564880	966566543	1663
55	966566828	966567052	224
56	966567091	966567594	503
57	966567601	966568111	510
58	966568126	966613773	45647
59	966614112	966614725	613
60	966614740	966614763	23
61	966614778	966615289	511
62	966615304	966637418	22114
63	966637527	966637606	79
64	966637770	966638405	635
65	966638420	966638906	486
66	966638921	966639432	511
67	966639447	966640454	1007
68	966640589	966640853	264
69	966640931	966641370	439
70	966641374	966641882	508
71	966641897	966651528	9631
72	966651752	966651813	61
73	966651948	966651953	5
74	966652028	966652032	4
75	966652155	966652157	2
76	966653479	966653481	2
77	966654986	966654992	6
78	966655383	966655384	1
79	966655558	966656502	944
80	966656506	966657015	509
81	966657030	966703996	46966
82	966704110	966704173	63
83	966704335	966704340	5
84	966719487	966719551	64
85	966720425	966721123	698
86	966721128	966721639	511
87	966721654	966727727	6073
88	966728131	966728697	566
89	966728706	966729213	507
90	966729228	966779954	50726
91	966780257	966780732	475
92	966780737	966781247	510
93	966781262	966783225	1963
94	966783883	966784416	533
95	966784422	966784931	509
96	966784946	966800696	15750
97	966800901	966800970	69
98	966801912	966802420	508
99	966802425	966802935	510
100	966802950	966804636	1686
101	966804651	966804652	1
102	966808970	966809648	678
103	966809653	966809958	305
104	966810100	966810506	406
105	966810512	966811022	510
106	966811037	966811450	413
107	966811774	966812254	480
108	966812261	966812767	506
109	966812782	966871166	58384
110	966871302	966871731	429
111	966871740	966872250	510
112	966872265	966889970	17705
113	966889989	966890192	203
114	966898129	966898168	39
115	966898443	966898483	40
116	966898582	966899304	722
117	966899310	966899766	456
118	966899954	966899955	1
119	966900314	966900853	539
120	966901180	966901741	561
121	966902049	966902435	386
122	966902828	966902887	59
123	966903251	966903310	59
124	966903461	966903521	60
125	966904090	966904705	615
126	966905933	966906589	656
127	966906897	966907333	436
128	966907600	966908706	1106
129	966908711	966909219	508
130	966909234	966910212	978
131	966911278	966912051	773
132	966912057	966912565	508
133	966912580	966916645	4065
134	966917106	966919878	2772
135	966919883	966920392	509
136	966920407	966945716	25309
137	966946085	966946090	5
138	966946116	966946647	531
139	966946652	966947163	511
140	966947178	967054536	107358
141	967054804	967055314	510
142	967055319	967055829	510
143	967055844	967060094	4250
144	967060486	967060995	509
145	967061004	967061523	519
146	967061538	967144160	82622
147	967144412	967146234	1822
148	967146239	967146749	510
149	967146764	967200093	53329
150	967200398	967200403	5
151	967200444	967200991	547
152	967200996	967201503	507
153	967201518	967245860	44342
154	967246048	967246053	5
155	967246109	967246626	517
156	967246631	967247140	509
157	967247155	967272412	25257
158	967272616	967272713	97
159	967272838	967272897	59
160	967273006	967273068	62
161	967273138	967273239	101
162	967273520	967273616	96
163	967274209	967274210	1
164	967274269	967274367	98
165	967274438	967274535	97
166	967274612	967274620	8
167	967274698	967274806	108
168	967274903	967274955	52
169	967275137	967275244	107
170	967275341	967275406	65
171	967275450	967275875	425
172	967276726	967277182	456
173	967277730	967277732	2
174	967277936	967277938	2
175	967277949	967277951	2
176	967279697	967279699	2
177	967281403	967281404	1
178	967281967	967281968	1
179	967285394	967285402	8
180	967285428	967285436	8
181	967285516	967285543	27
182	967285563	967285590	27
183	967285639	967285677	38
184	967286138	967286167	29
185	967286277	967286312	35
186	967286905	967286927	22
187	967287034	967287041	7
188	967287304	967287313	9
189	967287350	967287357	7
190	967288046	967288047	1
191	967288051	967288059	8
192	967288435	967288443	8
193	967288533	967288549	16
194	967288565	967288576	11
195	967288945	967289008	63
196	967289106	967289115	9
197	967289266	967289278	12
198	967289401	967289411	10
199	967289968	967290206	238
200	967290530	967290537	7
201	967290587	967290596	9
202	967290641	967290652	11
203	967290664	967290745	81
204	967291066	967291229	163
205	967291944	967292081	137
206	967292124	967292370	246
207	967293004	967293031	27
208	967293168	967293223	55
209	967293588	967293670	82
210	967293808	967293829	21
211	967293936	967294177	241
212	967294228	967294261	33
213	967294325	967294761	436
214	967295045	967295318	273
215	967295775	967296178	403
216	967296281	967296359	78
217	967296426	967297110	684
218	967297457	967297482	25
219	967297880	967298620	740
220	967298628	967298871	243
221	967299201	967299292	91
222	967300256	967300476	220
223	967301900	967302010	110
224	967302305	967302424	119
225	967302879	967303054	175
226	967303697	967304124	427
227	967304869	967305426	557
228	967305510	967305551	41
229	967305739	967305771	32
230	967306039	967306530	491
231	967307332	967307620	288
232	967307989	967308405	416
233	967308779	967308913	134
234	967314844	967315088	244
235	967315096	967315102	6
236	967321409	967321463	54
237	967321598	967321608	10
238	967321714	967321739	25
239	967322040	967322079	39
240	967322126	967322129	3
241	967322217	967322686	469
242	967322687	967322691	4
243	967322744	967323341	597
244	967323629	967323652	23
245	967323679	967323715	36
246	967324367	967324799	432
247	967325001	967326746	1745
248	967327056	967327157	101
249	967327209	967327232	23
250	967327303	967327364	61
251	967327558	967327852	294
252	967327946	967327994	48
253	967328051	967330147	2096
254	967330151	967330285	134
255	967330376	967330759	383
256	967332138	967335556	3418
257	967335560	967336072	512
258	967336087	967337033	946
259	967338237	967338716	479
260	967338731	967339856	1125
261	967340407	967341249	842
262	967341322	967342742	1420
263	967342976	967344121	1145
264	967344126	967344639	513
265	967344654	967344831	177
266	967344995	967345001	6
267	967345531	967345828	297
268	967345959	967346182	223
269	967346641	967346857	216
270	967347103	967347301	198
271	967347528	967347699	171
272	967347771	967347841	70
273	967349622	967349691	69
274	967351998	967355430	3432
275	967355445	967355495	50
276	967355510	967355538	28
277	967355699	967356108	409
278	967356117	967356630	513
279	967356645	967357510	865
280	967357704	967357743	39
281	967357824	967357860	36
282	967358442	967358493	51
283	967358642	967358684	42
284	967358882	967358923	41
285	967359808	967360426	618
286	967360431	967360945	514
287	967360960	967361616	656
288	967361882	967361923	41
289	967362171	967362207	36
290	967362634	967363124	490
291	967363129	967363158	29
292	967363288	967363766	478
293	967363772	967363860	88
294	967364503	967364569	66
295	967364827	967364883	56
296	967365277	967365315	38
297	967365568	967366101	533
298	967366116	967366139	23
299	967366154	967366663	509
300	967366678	967367466	788
301	967368030	967368069	39
302	967368156	967368194	38
303	967368278	967369122	844
304	967369137	967383779	14642
305	967384189	967384589	400
306	967384604	967384613	9
307	967384628	967385141	513
308	967385156	967385452	296
309	967385466	967385643	177
310	967386062	967386112	50
311	967386468	967387157	689
312	967387168	967387194	26
313	967387396	967387867	471
314	967387882	967390244	2362
315	967390436	967391895	1459
316	967391910	967393780	1870
317	967394000	967394716	716
318	967401065	967401177	112
319	967401307	967401799	492
320	967401856	967401906	50
321	967402015	967402024	9
322	967402178	967402460	282
323	967402608	967402625	17
324	967402700	967403478	778
325	967403794	967404347	553
326	967405402	967405405	3
327	967405916	967406000	84
328	967406137	967407406	1269
329	967407430	967407938	508
330	967407953	967500382	92429
331	967500397	967506711	6314
332	967569915	967570925	1010
333	967571184	967571307	123
334	967571383	967571877	494
335	967572437	967572443	6
336	967572671	967572679	8
337	967572770	967572890	120
338	967573315	967573358	43
339	967573826	967573827	1
340	967574331	967574334	3
341	967574346	967574349	3
342	967574351	967574352	1
343	967574369	967574370	1
344	967574372	967574373	1
345	967574376	967574377	1
346	967574379	967574381	2
347	967574382	967574383	1
348	967574384	967574386	2
349	967574388	967574390	2
350	967574415	967574416	1
351	967574422	967574423	1
352	967574424	967574425	1
353	967574427	967574431	4
354	967574439	967574442	3
355	967574448	967574451	3
356	967574454	967574457	3
357	967574458	967574461	3
358	967574470	967574473	3
359	967574477	967574478	1
360	967574488	967574489	1
361	967574495	967574497	2
362	967574499	967574500	1
363	967574502	967574505	3
364	967574508	967574513	5
365	967574523	967574524	1
366	967574529	967574534	5
367	967574536	967574538	2
368	967574540	967574541	1
369	967574736	967574737	1
370	967577149	967577150	1
371	967579281	967579282	1
372	967579326	967579327	1
373	967579348	967579350	2
374	967579468	967579469	1
375	967579517	967579518	1
376	967579523	967579524	1
377	967579599	967579601	2
378	967579604	967579605	1
379	967579649	967579650	1
380	967579660	967579661	1
381	967579818	967579820	2
382	967587274	967587275	1
383	967587277	967587279	2
384	967587280	967587282	2
385	967587286	967587287	1
386	967587290	967587293	3
387	967587300	967587301	1
388	967587306	967587307	1
389	967587309	967587316	7
390	967587318	967587320	2
391	967587321	967587332	11
392	967587334	967587336	2
393	967587352	967587354	2
394	967587367	967587369	2
395	967587370	967587372	2
396	967587373	967587381	8
397	967587382	967587384	2
398	967587398	967587399	1
399	967587415	967587416	1
400	967587418	967587420	2
401	967587421	967587432	11
402	967587446	967587448	2
403	967587472	967587473	1
404	967587477	967587479	2
405	967587480	967587483	3
406	967587484	967587486	2
407	967587487	967587488	1
408	967592853	967592854	1
409	967593091	967593092	1
410	967596480	967596481	1
411	967649561	967650482	921
412	967650488	967651000	512
413	967651015	967651075	60
414	967651923	967652489	566
415	967652504	967652519	15
416	967652534	967653046	512
417	967653061	967658964	5903
418	967659284	967659532	248
419	967659605	967661183	1578
420	967661188	967661700	512
421	967661715	967665568	3853
422	967666331	967666374	43
423	967666478	967666520	42
424	967666702	967667236	534
425	967667241	967667751	510
426	967667766	967679980	12214
427	967680074	967680336	262
428	967680388	967680651	263
429	967680762	967682878	2116
430	967683091	967683145	54
431	967684554	967684876	322
432	967685208	967685272	64
433	967685373	967685983	610
434	967686600	967686940	340
435	967688466	967689065	599
436	967690004	967690086	82
437	967690231	967690700	469
438	967690715	967690720	5
439	967690735	967690879	144
440	967691342	967691731	389
441	967691736	967691804	68
442	967692090	967692476	386
443	967692483	967692568	85
444	967692860	967693142	282
445	967693236	967693303	67
446	967693463	967693729	266
447	967696837	967697421	584
448	967697429	967697941	512
449	967697956	967701051	3095
450	967701240	967701242	2
451	967701675	967701946	271
452	967702347	967702976	629
453	967702982	967703491	509
454	967703506	967742059	38553
455	967742418	967743854	1436
456	967744187	967745981	1794
457	967746313	967747743	1430
458	967747922	967748400	478
459	967748415	967748434	19
460	967748449	967748976	527
461	967748991	967759426	10435
462	967759759	967760022	263
463	967760487	967761144	657
464	967761161	967761741	580
465	967761756	967766510	4754
466	967767005	967767525	520
467	967767531	967768037	506
468	967768052	967816851	48799
469	967816962	967816973	11
470	967817283	967818873	1590
471	967818880	967819391	511
472	967819406	967827264	7858
473	967827656	967828295	639
474	967828303	967828817	514
475	967828832	967832891	4059
476	967833327	967833861	534
477	967833866	967834374	508
478	967834389	967835601	1212
479	967835818	967836107	289
480	967836207	967836757	550
481	967836765	967837281	516
482	967837296	967845886	8590
483	967846013	967846025	12
484	967846069	967846437	368
485	967846584	967847473	889
486	967847480	967847992	512
487	967848007	967850694	2687
488	967851708	967852636	928
489	967852642	967853154	512
490	967853169	967877883	24714
491	967878023	967878091	68
492	967878131	967878398	267
493	967878580	967879213	633
494	967879240	967879749	509
495	967879764	967885450	5686
496	967885658	967885753	95
497	967886313	967886957	644
498	967886963	967887472	509
499	967887487	967887655	168
500	967888091	967888562	471
501	967888567	967889080	513
502	967889095	967889484	389
503	967889676	967889936	260
504	967890318	967890913	595
505	967890918	967891427	509
506	967891442	967893501	2059
507	967893650	967893733	83
508	967893844	967894115	271
509	967894189	967894766	577
510	967894771	967895280	509
511	967895295	967895819	524
512	967895988	967896252	264
513	967896412	967896923	511
514	967896928	967897440	512
515	967897455	967899003	1548
516	967899100	967899509	409
517	967899515	967899538	23
518	967899615	967899682	67
519	967899731	967899774	43
520	967899821	967899880	59
521	967900659	967901107	448
522	967901112	967901420	308
523	967901926	967902370	444
524	967902375	967902882	507
525	967902897	967905720	2823
526	967908490	967908534	44
527	967908641	967909864	1223
528	967910781	967910930	149
529	967911397	967911438	41
530	967915288	967915356	68
531	967915410	967915451	41
532	967915519	967915560	41
533	967915669	967915708	39
534	967915742	967915766	24
535	967915852	967916054	202
536	967916083	967916090	7
537	967916120	967916162	42
538	967916358	967916392	34
539	967916417	967917174	757
540	967917228	967917513	285
541	967917979	967918959	980
542	967923466	967923767	301
543	967925477	967927779	2302
544	967927794	967927922	128
545	967927937	967928535	598
546	967928550	967931453	2903
547	967931773	967931777	4
548	967932482	967932485	3
549	967933249	967933898	649
550	967933905	967934174	269
551	967934333	967934396	63
552	967934473	967934858	385
553	967934864	967935370	506
554	967935385	967935391	6
555	967935747	967936055	308
556	967936170	967936851	681
557	967936866	967936930	64
558	967936945	967937453	508
559	967937468	967938571	1103
560	967939762	967940424	662
561	967940439	967940469	30
562	967940484	967940994	510
563	967941009	967944204	3195
564	967944674	967944675	1
565	967944757	967944758	1
566	967945089	967945666	577
567	967945672	967946183	511
568	967946198	967951136	4938
569	967951226	967951479	253
570	967951644	967952326	682
571	967952331	967952842	511
572	967952857	967981893	29036
573	967982026	967982711	685
574	967982716	967983228	512
575	967983243	968004043	20800
576	968004144	968004608	464
577	968004614	968005128	514
578	968005143	968017235	12092
579	968017500	968018306	806
580	968018311	968018503	192
581	968018612	968018643	31
582	968018844	968019412	568
583	968019428	968019998	570
584	968020013	968029046	9033
585	968029165	968029429	264
586	968030080	968030627	547
587	968030642	968030733	91
588	968030748	968031259	511
589	968031274	968032019	745
590	968032151	968032424	273
591	968032579	968032901	322
592	968033084	968034360	1276
593	968034367	968034881	514
594	968034896	968037542	2646
595	968038415	968038783	368
596	968039088	968039677	589
597	968040616	968041296	680
598	968041301	968041812	511
599	968041827	968042464	637
600	968042622	968042687	65
601	968042789	968043136	347
602	968043301	968043362	61
603	968043647	968044331	684
604	968044484	968044648	164
605	968044784	968045493	709
606	968045652	968045742	90
607	968045896	968046134	238
608	968046275	968046873	598
609	968046973	968047620	647
610	968047635	968047641	6
611	968047656	968048222	566
612	968048237	968057513	9276
613	968057897	968058454	557
614	968058459	968058972	513
615	968058987	968059505	518
616	968059615	968059892	277
617	968060530	968060573	43
618	968060665	968060711	46
619	968060768	968061854	1086
620	968061860	968062371	511
621	968062386	968067415	5029
622	968067617	968069023	1406
623	968069168	968069751	583
624	968069757	968069798	41
625	968069853	968069931	78
626	968071167	968072685	1518
627	968072692	968073203	511
628	968073218	968076658	3440
629	968077202	968077907	705
630	968077912	968078311	399
631	968078504	968078562	58
632	968079108	968079171	63
633	968079381	968079405	24
634	968079532	968079587	55
635	968079695	968079737	42
636	968080159	968080625	466
637	968080632	968081145	513
638	968081160	968081501	341
639	968081874	968081880	6
640	968082019	968083056	1037
641	968085152	968085153	1
642	968085450	968085540	90
643	968085869	968085956	87
644	968086927	968087752	825
645	968087767	968087771	4
646	968087786	968088299	513
647	968088314	968089475	1161
648	968090375	968090923	548
649	968090952	968091468	516
650	968091483	968091623	140
651	968091882	968092153	271
652	968092272	968092333	61
653	968092416	968092478	62
654	968092607	968092668	61
655	968092756	968092784	28
656	968093048	968093111	63
657	968094086	968094103	17
658	968095116	968095192	76
659	968095225	968095240	15
660	968095266	968095292	26
661	968095434	968096727	1293
662	968096741	968097257	516
663	968097272	968099336	2064
664	968099642	968099899	257
665	968100093	968100551	458
666	968100556	968101069	513
667	968101084	968106397	5313
668	968115298	968115822	524
669	968115837	968115844	7
670	968115859	968116373	514
671	968116388	968118045	1657
672	968119453	968120225	772
673	968120232	968120747	515
674	968120762	968174438	53676
675	968174527	968175480	953
676	968175485	968176003	518
677	968176018	968188821	12803
678	968188914	968188923	9
679	968189052	968189576	524
680	968189581	968190094	513
681	968190109	968230976	40867
682	968231083	968231348	265
683	968231507	968231966	459
684	968231972	968232488	516
685	968232503	968267921	35418
686	968268112	968278307	10195
687	968278326	968278904	578
688	968278919	968284264	5345
689	968284466	968284718	252
690	968284806	968285504	698
691	968285514	968286026	512
692	968286041	968287035	994
693	968287141	968287143	2
694	968287378	968292778	5400
695	968292784	968293296	512
696	968293311	968312908	19597
697	968313339	968313942	603
698	968313948	968314463	515
699	968314478	968357520	43042
700	968357864	968357887	23
701	968358077	968358263	186
702	968358475	968358503	28
703	968358730	968358869	139
704	968359162	968365292	6130
705	968365308	968365387	79
706	968365696	968366124	428
707	968366129	968366642	513
708	968366657	968370494	3837
709	968371031	968371277	246
710	968371715	968378417	6702
711	968378423	968378938	515
712	968378953	968381175	2222
713	968381756	968382348	592
714	968382354	968382867	513
715	968382882	968392740	9858
716	968392896	968393541	645
717	968393556	968394133	577
718	968394148	968398040	3892
719	968398282	968398776	494
720	968398783	968399297	514
721	968399312	968442004	42692
722	968442029	968442040	11
723	968442056	968459007	16951
724	968459022	968460036	1014
725	968460106	968460107	1
726	968461011	968461164	153
727	968461325	968462033	708
728	968462044	968462556	512
729	968462571	968463974	1403
730	968465408	968465982	574
731	968466037	968466112	75
732	968466471	968466611	140
733	968466746	968466747	1
734	968466859	968466933	74
735	968466974	968467046	72
736	968467114	968467785	671
737	968467807	968468319	512
738	968468334	968489489	21155
739	968489687	968490183	496
740	968490190	968490701	511
741	968490716	968492370	1654
742	968492803	968493358	555
743	968493365	968493688	323
744	968493813	968494214	401
745	968494220	968494737	517
746	968494752	968495253	501
747	968495429	968495864	435
748	968495869	968496294	425
749	968496560	968496976	416
750	968497259	968497287	28
751	968497679	968497986	307
752	968498265	968498763	498
753	968498857	968498921	64
754	968499005	968499266	261
755	968499531	968499950	419
756	968500180	968500507	327
757	968500873	968501464	591
758	968501470	968501485	15
759	968501664	968501993	329
760	968502195	968502857	662
761	968502862	968502887	25
762	968503078	968503453	375
763	968503528	968504504	976
764	968504510	968504531	21
765	968504647	968505029	382
766	968505034	968505219	185
767	968505516	968505902	386
768	968505907	968506027	120
769	968506240	968506725	485
770	968506730	968507241	511
771	968507256	968508758	1502
772	968509252	968509644	392
773	968509984	968510416	432
774	968510590	968510653	63
775	968510707	968510770	63
776	968510916	968510978	62
777	968511260	968511850	590
778	968511943	968511968	25
779	968516606	968516740	134
780	968516838	968517030	192
781	968517429	968519061	1632
782	968519076	968519103	27
783	968519988	968520252	264
784	968525343	968525429	86
785	968525911	968525917	6
786	968526029	968526035	6
787	968527124	968527586	462
788	968527596	968528121	525
789	968528136	968528718	582
790	968529907	968530441	534
791	968530447	968530965	518
792	968530980	968531312	332
793	968531475	968531476	1
794	968531504	968531506	2
795	968531645	968531914	269
796	968532202	968532910	708
797	968532916	968533437	521
798	968533452	968533635	183
799	968533809	968534075	266
800	968534183	968534751	568
801	968534757	968535274	517
802	968535289	968537214	1925
803	968537315	968538255	940
804	968540232	968540306	74
805	968540342	968540887	545
806	968540894	968541255	361
807	968541448	968541881	433
808	968542402	968542831	429
809	968542984	968543138	154
810	968543839	968543843	4
811	968543947	968543963	16
812	968544424	968545198	774
813	968545389	968545392	3
814	968545509	968545513	4
815	968545601	968545683	82
816	968545940	968546208	268
817	968546348	968546856	508
818	968546949	968546955	6
819	968546975	968546976	1
820	968546983	968546990	7
821	968547079	968547660	581
822	968547927	968547973	46
823	968548156	968548205	49
824	968548265	968548310	45
825	968548695	968548738	43
826	968548772	968548818	46
827	968548959	968548991	32
828	968549039	968549080	41
829	968549293	968549588	295
830	968549677	968550028	351
831	968550648	968551115	467
832	968551491	968551564	73
833	968551620	968551663	43
834	968552076	968552278	202
835	968552507	968552675	168
836	968552853	968553424	571
837	968553439	968553486	47
838	968553501	968553568	67
839	968553727	968553820	93
840	968555600	968555708	108
841	968555929	968556681	752
842	968556696	968556743	47
843	968556758	968557148	390
844	968557335	968558491	1156
845	968558506	968558512	6
846	968558527	968559037	510
847	968559052	968560646	1594
848	968562236	968562696	460
849	968562929	968563603	674
850	968563618	968564130	512
851	968564145	968566435	2290
852	968566958	968566969	11
853	968567675	968567755	80
854	968568252	968568891	639
855	968568901	968569419	518
856	968569434	968572455	3021
857	968572496	968572512	16
858	968572622	968572835	213
859	968573348	968573943	595
860	968573948	968574460	512
861	968574475	968597619	23144
862	968598120	968598484	364
863	968598860	968598914	54
864	968599475	968599538	63
865	968599769	968599822	53
866	968600704	968600761	57
867	968602041	968602362	321
868	968602565	968602627	62
869	968603003	968603114	111
870	968603302	968604006	704
871	968604012	968604522	510
872	968604537	968607606	3069
873	968607894	968608528	634
874	968608544	968609056	512
875	968609071	968609931	860
876	968610030	968610328	298
877	968610448	968610984	536
878	968610989	968611521	532
879	968611928	968612386	458
880	968612393	968612908	515
881	968612923	968614094	1171
882	968614300	968614560	260
883	968614700	968614701	1
884	968614952	968615019	67
885	968615071	968615642	571
886	968615647	968616160	513
887	968616175	968623990	7815
888	968624100	968625261	1161
889	968625276	968626086	810
890	968626101	968626613	512
891	968626628	968630167	3539
892	968630279	968630334	55
893	968630390	968630646	256
894	968630735	968631285	550
895	968631291	968631802	511
896	968631817	968640996	9179
897	968641455	968642020	565
898	968642025	968642535	510
899	968642550	968644417	1867
900	968644750	968645358	608
901	968645365	968645877	512
902	968645892	968681192	35300
903	968682045	968682046	1
904	968682304	968682306	2
905	968684800	968685484	684
906	968685489	968686005	516
907	968686020	968686563	543
908	968687038	968687103	65
909	968687369	968687997	628
910	968688002	968688517	515
911	968688532	968690936	2404
912	968691176	968691239	63
913	968691592	968692177	585
914	968692182	968692697	515
915	968692712	968714390	21678
916	968715730	968716570	840
917	968716585	968716692	107
918	968716707	968717217	510
919	968717232	968778110	60878
920	968778251	968778690	439
921	968778832	968778909	77
922	968779004	968779709	705
923	968779715	968780229	514
924	968780244	968786166	5922
925	968787030	968787368	338
926	968788364	968788431	67
927	968788558	968788624	66
928	968788874	968788881	7
929	968789088	968789098	10
930	968789315	968789399	84
931	968789733	968789768	35
932	968789810	968789848	38
933	968790158	968790233	75
934	968790273	968795182	4909
935	968795197	968795454	257
936	968795469	968795984	515
937	968795999	968829104	33105
938	968829418	968829452	34
939	968829506	968829597	91
940	968829754	968830889	1135
941	968830904	968831005	101
942	968831020	968831558	538
943	968831573	968873462	41889
944	968873708	968874188	480
945	968874194	968874710	516
946	968874725	968874951	226
947	968875120	968875801	681
948	968875806	968876321	515
949	968876336	968949274	72938
950	968949457	968949935	478
951	968949939	968950455	516
952	968950470	968955431	4961
953	968955721	968956208	487
954	968956214	968956727	513
955	968956742	968959241	2499
956	968959484	968960046	562
957	968960052	968960568	516
958	968960583	968963859	3276
959	968964008	968964477	469
960	968964482	968964999	517
961	968965014	968979072	14058
962	968979272	968980180	908
963	968980188	968980703	515
964	968980718	968990844	10126
965	968991154	968991195	41
966	968991429	968991475	46
967	968991605	968992169	564
968	968992178	968992691	513
969	968992706	968997875	5169
970	968998040	968998043	3
971	968998459	968998463	4
972	968998900	968999170	270
973	968999832	968999896	64
974	969000030	969000072	42
975	969000253	969000294	41
976	969000490	969000493	3
977	969000614	969000659	45
978	969000829	969001602	773
979	969001607	969002128	521
980	969002143	969002474	331
981	969002684	969002745	61
982	969003013	969003014	1
983	969003288	969003759	471
984	969003764	969004279	515
985	969004294	969042917	38623
986	969043248	969043722	474
987	969043727	969044243	516
988	969044258	969050466	6208
989	969050768	969051242	474
990	969051247	969051486	239
991	969051808	969051813	5
992	969051854	969052254	400
993	969052259	969052398	139
994	969052687	969052752	65
995	969053510	969053587	77
996	969056584	969057245	661
997	969057250	969057765	515
998	969057780	969058559	779
999	969059333	969059943	610
1000	969059948	969060463	515
1001	969060478	969116739	56261
1002	969117362	969117894	532
1003	969118738	969118807	69
1004	969119239	969119295	56
1005	969119960	969120604	644
1006	969120798	969120982	184
1007	969121415	969121473	58
1008	969134524	969134631	107
1009	969134671	969135091	420
1010	969135097	969135618	521
1011	969135633	969136968	1335
1012	969137132	969137457	325
1013	969137602	969138167	565
1014	969138172	969138684	512
1015	969138699	969155599	16900
1016	969155846	969156370	524
1017	969156376	969156888	512
1018	969156903	969159338	2435
1019	969159526	969160210	684
1020	969160215	969160275	60
1021	969160659	969160699	40
1022	969161368	969161409	41
1023	969161744	969161790	46
1024	969162180	969162245	65
1025	969163289	969163361	72
1026	969163472	969163514	42
1027	969163715	969163719	4
1028	969163876	969163916	40
1029	969163976	969164612	636
1030	969164618	969164653	35
1031	969165238	969165868	630
1032	969165874	969166386	512
1033	969166401	969167502	1101
1034	969167831	969170069	2238
1035	969170074	969170606	532
1036	969170621	969178294	7673
1037	969178583	969179054	471
1038	969179058	969179571	513
1039	969179586	969206216	26630
1040	969206938	969207025	87
1041	969208032	969208036	4
1042	969208209	969208287	78
1043	969208811	969208970	159
1044	969210366	969210419	53
1045	969211982	969212299	317
1046	969212380	969212442	62
1047	969212533	969213456	923
1048	969213479	969213891	412
1049	969214077	969214600	523
1050	969214606	969215119	513
1051	969215134	969217252	2118
1052	969217666	969217743	77
1053	969218062	969218189	127
1054	969218457	969219203	746
1055	969219209	969219719	510
1056	969219734	969222184	2450
1057	969222335	969222643	308
1058	969222732	969223335	603
1059	969223341	969223850	509
1060	969223865	969226900	3035
1061	969227070	969227098	28
1062	969227161	969227243	82
1063	969227388	969227949	561
1064	969227955	969228509	554
1065	969228524	969228558	34
1066	969228577	969228682	105
1067	969228742	969232378	3636
1068	969233463	969234005	542
1069	969234010	969234332	322
1070	969235626	969236581	955
1071	969236590	969237103	513
1072	969237118	969238492	1374
1073	969238844	969238847	3
1074	969239183	969239741	558
1075	969239747	969240260	513
1076	969240275	969240618	343
1077	969240894	969240896	2
1078	969241250	969242093	843
1079	969242099	969242138	39
1080	969242417	969242797	380
1081	969242803	969243314	511
1082	969243329	969255351	12022
1083	969255803	969255806	3
1084	969255990	969255994	4
1085	969256120	969256283	163
1086	969256338	969256974	636
1087	969256984	969257567	583
1088	969257582	969288249	30667
1089	969289088	969289985	897
1090	969289989	969290499	510
1091	969290514	969295721	5207
1092	969297662	969298441	779
1093	969298445	969298956	511
1094	969298971	969302488	3517
1095	969303076	969303144	68
1096	969304146	969304213	67
1097	969304345	969304399	54
1098	969305859	969305922	63
1099	969306298	969307204	906
1100	969307220	969307735	515
1101	969307750	969317652	9902
1102	969320759	969321337	578
1103	969321342	969321862	520
1104	969321877	969329856	7979
1105	969330747	969330748	1
1106	969330756	969331594	838
1107	969331601	969332113	512
1108	969332128	969343652	11524
1109	969343826	969344348	522
1110	969344353	969344865	512
1111	969344880	969380026	35146
1112	969380135	969380207	72
1113	969380245	969380764	519
1114	969380770	969381077	307
1115	969381229	969381672	443
1116	969381681	969382197	516
1117	969382212	969387509	5297
1118	969387754	969388236	482
1119	969388241	969388757	516
1120	969388772	969390739	1967
1121	969391206	969391845	639
1122	969391852	969392365	513
1123	969392380	969424027	31647
1124	969424293	969424361	68
1125	969424455	969424990	535
1126	969424995	969425514	519
1127	969425529	969451891	26362
1128	969453521	969454296	775
1129	969454304	969454823	519
1130	969454838	969506064	51226
1131	969506561	969506631	70
1132	969506888	969507585	697
1133	969507591	969508109	518
1134	969508124	969517817	9693
1135	969517905	969518902	997
1136	969518907	969519058	151
1137	969519286	969519576	290
1138	969520583	969521113	530
1139	969521119	969521407	288
1140	969521599	969522051	452
1141	969522056	969522575	519
1142	969522590	969522607	17
1143	969524813	969525613	800
1144	969525618	969526129	511
1145	969526144	969542685	16541
1146	969543759	969544266	507
1147	969544271	969544785	514
1148	969544800	969561309	16509
1149	969561729	969562717	988
1150	969562723	969563244	521
1151	969563259	969563668	409
1152	969564243	969564899	656
1153	969564908	969565428	520
1154	969565443	969574462	9019
1155	969575096	969575811	715
1156	969575816	969576331	515
1157	969576346	969582415	6069
1158	969582967	969583034	67
1159	969583590	969583637	47
1160	969584024	969585282	1258
1161	969585296	969585814	518
1162	969585829	969630951	45122
1163	969632792	969632794	2
1164	969634769	969635691	922
1165	969635719	969636233	514
1166	969636248	969652515	16267
1167	969653759	969653836	77
1168	969653939	969653944	5
1169	969654240	969654342	102
1170	969654567	969654629	62
1171	969654704	969654813	109
1172	969654946	969655714	768
1173	969655724	969656239	515
1174	969656254	969656439	185
1175	969656732	969657200	468
1176	969657205	969657723	518
1177	969657738	969713798	56060
1178	969714205	969714564	359
1179	969715392	969716129	737
1180	969716144	969716163	19
1181	969716178	969716692	514
1182	969716707	969721268	4561
1183	969722087	969723403	1316
1184	969729915	969730201	286
1185	969734023	969734062	39
1186	969734782	969734847	65
1187	969734959	969735092	133
1188	969735390	969735581	191
1189	969735667	969736313	646
1190	969736322	969736855	533
1191	969736870	969738234	1364
1192	969738909	969739403	494
1193	969739408	969739924	516
1194	969739939	969742162	2223
1195	969742199	969742210	11
1196	969742269	969744576	2307
1197	969744736	969745059	323
1198	969745169	969745172	3
1199	969745176	969745201	25
1200	969745321	969745338	17
1201	969745365	969745427	62
1202	969745681	969745762	81
1203	969745840	969745841	1
1204	969745946	969746501	555
1205	969746506	969747022	516
1206	969747037	969749229	2192
1207	969749446	969749922	476
1208	969749926	969750441	515
1209	969750456	969753943	3487
1210	969754734	969754773	39
1211	969755362	969756017	655
1212	969756021	969756536	515
1213	969756551	969773026	16475
1214	969773907	969773946	39
1215	969774646	969775577	931
1216	969775592	969775610	18
1217	969775625	969776051	426
1218	969776437	969776895	458
1219	969776900	969777154	254
1220	969777662	969778090	428
1221	969778095	969778489	394
1222	969778821	969778822	1
1223	969779417	969780399	982
1224	969780405	969780916	511
1225	969780931	969792860	11929
1226	969793391	969794229	838
1227	969794234	969794748	514
1228	969794763	969798791	4028
1229	969799044	969799649	605
1230	969799654	969800168	514
1231	969800183	969814638	14455
1232	969814919	969815370	451
1233	969815375	969815890	515
1234	969815905	969816629	724
1235	969816939	969817504	565
1236	969817508	969818020	512
1237	969818035	969818096	61
1238	969818356	969818378	22
1239	969819792	969819795	3
1240	969819893	969819967	74
1241	969820706	969820779	73
1242	969821005	969821048	43
1243	969821926	969821950	24
1244	969822034	969822054	20
1245	969822921	969822928	7
1246	969822982	969822993	11
1247	969823144	969823761	617
1248	969823767	969824283	516
1249	969824298	969824738	440
1250	969825327	969825400	73
1251	969825611	969826116	505
1252	969826122	969826634	512
1253	969826649	969827984	1335
1254	969828026	969828039	13
1255	969828073	969828876	803
1256	969829007	969829016	9
1257	969829215	969829476	261
1258	969829609	969829672	63
1259	969829719	969830610	891
1260	969830615	969831128	513
1261	969831143	969837054	5911
1262	969837405	969837474	69
1263	969837559	969838224	665
1264	969838230	969838743	513
1265	969838758	969871365	32607
1266	969871469	969871979	510
1267	969871984	969872496	512
1268	969872511	969914506	41995
1269	969914721	969914877	156
1270	969915269	969915271	2
1271	969915514	969915577	63
1272	969915649	969916173	524
1273	969916178	969916698	520
1274	969916713	969918418	1705
1275	969918713	969918768	55
1276	969918896	969919377	481
1277	969919382	969919896	514
1278	969919911	969959076	39165
1279	969959338	969959806	468
1280	969959811	969960320	509
1281	969960335	970006442	46107
1282	970006576	970006999	423
1283	970007005	970007519	514
1284	970007534	970026361	18827
1285	970026498	970026939	441
1286	970026944	970027457	513
1287	970027472	970041244	13772
1288	970041492	970041498	6
1289	970041569	970042030	461
1290	970042034	970042545	511
1291	970042560	970083733	41173
1292	970084949	970084983	34
1293	970084988	970085500	512
1294	970085515	970090163	4648
1295	970090611	970091115	504
1296	970091120	970091632	512
1297	970091647	970134229	42582
1298	970134487	970134597	110
1299	970134704	970135097	393
1300	970135590	970136240	650
1301	970136244	970136756	512
1302	970136771	970144851	8080
1303	970145054	970145076	22
1304	970145363	970146114	751
1305	970146119	970146630	511
1306	970146645	970168269	21624
1307	970168404	970168969	565
1308	970168974	970169493	519
1309	970169508	970174373	4865
1310	970175589	970176371	782
1311	970177579	970207191	29612
1312	970207456	970208057	601
1313	970208072	970208180	108
1314	970208195	970208710	515
1315	970208725	970227421	18696
1316	970227774	970228219	445
1317	970228224	970228737	513
1318	970228752	970234903	6151
1319	970235210	970235670	460
1320	970235675	970236215	540
1321	970236230	970239237	3007
1322	970239445	970239448	3
1323	970239868	970239888	20
1324	970240232	970241372	1140
1325	970241376	970241891	515
1326	970241906	970245625	3719
1327	970245635	970254557	8922
1328	970271960	970272132	172
1329	970272220	970281772	9552
1330	970281851	970282152	301
1331	970282321	970282335	14
1332	970282414	970282426	12
1333	970283102	970283802	700
1334	970283812	970284325	513
1335	970284340	970284479	139
1336	970284593	970284594	1
1337	970285767	970286403	636
1338	970286409	970286922	513
1339	970286937	970306377	19440
1340	970306613	970307155	542
1341	970307160	970307259	99
1342	970307368	970307621	253
1343	970307730	970308165	435
1344	970308170	970308680	510
1345	970308695	970327060	18365
1346	970336935	970337102	167
1347	970337295	970337337	42
1348	970337500	970337648	148
1349	970337751	970337890	139
1350	970338005	970338045	40
1351	970338268	970338300	32
1352	970338775	970338806	31
1353	970339318	970339668	350
1354	970339874	970339915	41
1355	970340267	970342165	1898
1356	970368492	970369012	520
1357	970369022	970369532	510
1358	970369547	970370066	519
1359	970370403	970370673	270
1360	970370747	970371474	727
1361	970371489	970371595	106
1362	970371610	970371852	242
1363	970372283	970372348	65
1364	970373150	970373809	659
1365	970373824	970373830	6
1366	970373845	970374360	515
1367	970374375	970381123	6748
1368	970382155	970382931	776
1369	970384131	970384731	600
1370	970385755	970397243	11488
1371	970397365	970397871	506
1372	970397877	970398387	510
1373	970398402	970414153	15751
1374	970414493	970414960	467
1375	970414966	970415475	509
1376	970415490	970417444	1954
1377	970417751	970418536	785
1378	970418541	970419049	508
1379	970419064	970420095	1031
1380	970420110	970420111	1
1381	970420326	970420387	61
1382	970420589	970421046	457
1383	970421051	970421560	509
1384	970421575	970426256	4681
1385	970437607	970438873	1266
1386	970438878	970439390	512
1387	970439405	970441716	2311
1388	970454683	970454929	246
1389	970455106	970455117	11
1390	970455177	970455182	5
1391	970455210	970455224	14
1392	970455254	970455284	30
1393	970455362	970455394	32
1394	970455495	970455536	41
1395	970455597	970455693	96
1396	970455812	970456737	925
1397	970456754	970457268	514
1398	970457283	970463290	6007
1399	970464491	970465025	534
1400	970465033	970465546	513
1401	970465561	970480107	14546
1402	970480487	970481407	920
1403	970481412	970481926	514
1404	970481941	970492271	10330
1405	970492561	970492622	61
1406	970492743	970493257	514
1407	970493264	970493776	512
1408	970493791	970494278	487
1409	970494546	970495647	1101
1410	970495662	970496223	561
1411	970496238	970496240	2
1412	970496341	970499556	3215
1413	970499778	970500952	1174
1414	970500957	970501471	514
1415	970501486	970504105	2619
1416	970504228	970504286	58
1417	970504419	970504461	42
1418	970504739	970504799	60
1419	970504880	970504950	70
1420	970505112	970506300	1188
1421	970506391	970506447	56
1422	970507469	970507532	63
1423	970507735	970507764	29
1424	970508186	970510356	2170
1425	970510482	970510522	40
1426	970510670	970510689	19
1427	970510763	970510766	3
1428	970510968	970511533	565
1429	970511584	970511627	43
1430	970511686	970513293	1607
1431	970513356	970513397	41
1432	970513546	970513594	48
1433	970513715	970514347	632
1434	970514616	970514828	212
1435	970515630	970517718	2088
1436	970517762	970518208	446
1437	970518213	970518725	512
1438	970518740	970519995	1255
1439	970520978	970521040	62
1440	970521225	970521287	62
1441	970521367	970521434	67
1442	970521496	970522337	841
1443	970522630	970522650	20
1444	970522990	970523032	42
1445	970523258	970523301	43
1446	970523418	970523504	86
1447	970525015	970525056	41
1448	970525170	970525472	302
1449	970534015	970534543	528
1450	970534549	970535062	513
1451	970535077	970535934	857
1452	970536617	970536625	8
1453	970536794	970537426	632
1454	970537431	970537944	513
1455	970537959	970544009	6050
1456	970551571	970551596	25
1457	970551866	970551907	41
1458	970551962	970551965	3
1459	970552704	970553611	907
1460	970553619	970554133	514
1461	970554148	970565700	11552
1462	970566401	970568111	1710
1463	970568120	970568635	515
1464	970568650	970586368	17718
1465	970586784	970586844	60
1466	970586917	970586925	8
1467	970587752	970588336	584
1468	970588341	970588652	311
1469	970589845	970589846	1
1470	970590001	970590079	78
1471	970590182	970590662	480
1472	970590668	970590894	226
1473	970591097	970591521	424
1474	970591526	970592044	518
1475	970592059	970592478	419
1476	970592860	970593448	588
1477	970593453	970593565	112
1478	970593725	970593793	68
1479	970594100	970594141	41
1480	970594366	970594367	1
1481	970594972	970595038	66
1482	970595190	970595669	479
1483	970595674	970596193	519
1484	970596208	970608634	12426
1485	970608867	970610317	1450
1486	970610322	970610359	37
1487	970628773	970628793	20
1488	970630439	970630457	18
1489	970630541	970630557	16
1490	970630782	970630791	9
1491	970630873	970630917	44
1492	970630943	970630950	7
1493	970631128	970631153	25
1494	970631762	970631903	141
1495	970631944	970632482	538
1496	970632489	970633003	514
1497	970633018	970633653	635
1498	970633944	970633953	9
1499	970634060	970634068	8
1500	970634446	970634970	524
1501	970634978	970635496	518
1502	970635511	970638048	2537
1503	970638059	970670043	31984
1504	970670291	970671372	1081
1505	970671387	970671621	234
1506	970671636	970672156	520
1507	970672171	970692093	19922
1508	970692555	970693803	1248
1509	970693809	970694325	516
1510	970694340	970696762	2422
1511	970697284	970697315	31
1512	970713878	970714439	561
1513	970714444	970714960	516
1514	970714975	970717693	2718
1515	970718200	970718745	545
1516	970718750	970719268	518
1517	970719283	970719487	204
1518	970719890	970719953	63
1519	970720402	970720490	88
1520	970722768	970723293	525
1521	970723300	970723816	516
1522	970723831	970724779	948
1523	970729062	970729134	72
1524	970729346	970730050	704
1525	970730056	970730581	525
1526	970730596	970858723	128127
1527	970888862	970889012	150
1528	970889355	970889434	79
1529	970889514	970889972	458
1530	970889978	970890491	513
1531	970890506	970901018	10512
1532	970901064	970922772	21708
1533	970925137	970925808	671
1534	970925813	970926325	512
1535	970926340	970930815	4475
1536	970931295	970931387	92
1537	970931746	970931747	1
1538	970932102	970932186	84
1539	970932246	970932366	120
1540	970932723	970932778	55
1541	970932935	970932939	4
1542	970933969	970934074	105
1543	970934785	970934948	163
1544	970939994	970941329	1335
1545	970941546	970941586	40
1546	970941696	970941737	41
1547	970941897	970941909	12
1548	970942153	970942371	218
1549	970943227	970943288	61
1550	970943898	970944605	707
1551	970944609	970945120	511
1552	970945135	970948537	3402
1553	970949797	970950906	1109
1554	970950912	970951427	515
1555	970951442	970955273	3831
1556	970956020	970956574	554
1557	970956578	970957087	509
1558	970957102	970957212	110
1559	970957372	970957628	256
1560	970957738	970958289	551
1561	970958294	970958803	509
1562	970958818	971002349	43531
1563	971002515	971002522	7
1564	971002791	971003445	654
1565	971003456	971003963	507
1566	971003978	971014269	10291
1567	971014879	971014880	1
1568	971014910	971014921	11
1569	971015011	971015042	31
1570	971015726	971015769	43
1571	971015841	971015881	40
1572	971015911	971015951	40
1573	971016003	971016044	41
1574	971016514	971016516	2
1575	971016590	971016594	4
1576	971016686	971016689	3
1577	971017374	971017378	4
1578	971017669	971017676	7
1579	971017738	971017742	4
1580	971017792	971017795	3
1581	971018620	971018624	4
1582	971018764	971018993	229
1583	971019333	971019494	161
1584	971019653	971019694	41
1585	971020217	971020382	165
1586	971020576	971020618	42
1587	971020818	971020859	41
1588	971021252	971021338	86
1589	971021544	971021631	87
1590	971022003	971022083	80
1591	971022272	971022573	301
1592	971023818	971024639	821
1593	971024645	971025155	510
1594	971025170	971030335	5165
1595	971031298	971031845	547
1596	971031851	971032205	354
1597	971032422	971032953	531
1598	971033800	971033855	55
1599	971034479	971035006	527
1600	971035013	971035261	248
1601	971043510	971043963	453
1602	971043968	971044479	511
1603	971044494	971046482	1988
1604	971046878	971047248	370
1605	971047452	971048214	762
1606	971048219	971048543	324
1607	971048692	971049196	504
1608	971050207	971050302	95
1609	971050356	971050768	412
1610	971050772	971051281	509
1611	971051296	971051621	325
1612	971052156	971052237	81
1613	971052336	971052835	499
1614	971052840	971053349	509
1615	971053364	971053788	424
1616	971053987	971054233	246
1617	971054487	971054938	451
1618	971054943	971055451	508
1619	971055466	971055978	512
1620	971056200	971056486	286
1621	971056810	971057334	524
1622	971057339	971057848	509
1623	971057863	971058327	464
1624	971058703	971058959	256
1625	971059265	971059701	436
1626	971059706	971060215	509
1627	971060230	971060751	521
1628	971060846	971061113	267
1629	971061310	971061767	457
1630	971061776	971062300	524
1631	971062315	971063407	1092
1632	971063594	971063843	249
1633	971064086	971065773	1687
1634	971065785	971066294	509
1635	971066309	971098772	32463
1636	971099362	971099943	581
1637	971099947	971100514	567
1638	971100529	971100593	64
1639	971101760	971101883	123
1640	971102455	971103081	626
1641	971103087	971103616	529
1642	971103631	971104176	545
1643	971105022	971106212	1190
1644	971106227	971106413	186
1645	971106428	971106940	512
1646	971106955	971107748	793
1647	971108047	971108048	1
1648	971108104	971108169	65
1649	971108234	971108645	411
1650	971108819	971109512	693
1651	971109527	971109647	120
1652	971109662	971110171	509
1653	971110186	971110808	622
1654	971110970	971111032	62
1655	971111463	971111552	89
1656	971111602	971112221	619
1657	971112507	971113480	973
1658	971113495	971113554	59
1659	971113569	971114078	509
1660	971114093	971114314	221
1661	971114541	971114796	255
1662	971115294	971115346	52
1663	971115583	971115645	62
1664	971115734	971116327	593
1665	971116342	971116459	117
1666	971116474	971116982	508
1667	971116997	971117407	410
1668	971117572	971118762	1190
1669	971118770	971118784	14
1670	971118900	971118963	63
1671	971119404	971119424	20
1672	971119460	971119496	36
1673	971119597	971119865	268
1674	971120532	971121065	533
1675	971121112	971121175	63
1676	971121328	971121534	206
1677	971121570	971122238	668
1678	971122253	971122328	75
1679	971122343	971122857	514
1680	971122872	971123406	534
1681	971123599	971123866	267
1682	971125371	971125430	59
1683	971129176	971129893	717
1684	971129908	971129924	16
1685	971129939	971130447	508
1686	971130462	971131655	1193
1687	971132555	971133655	1100
1688	971133670	971133765	95
1689	971133780	971134295	515
1690	971134310	971137462	3152
1691	971137818	971138642	824
1692	971138647	971139157	510
1693	971139172	971172014	32842
1694	971173106	971173731	625
1695	971173736	971174250	514
1696	971174265	971178969	4704
1697	971179725	971179771	46
1698	971179856	971180707	851
1699	971180712	971181224	512
1700	971181239	971181279	40
1701	971181320	971187555	6235
1702	971188553	971188621	68
1703	971189331	971189398	67
1704	971189624	971189880	256
1705	971190286	971190350	64
1706	971190442	971190649	207
1707	971190692	971190702	10
1708	971191855	971192615	760
1709	971192620	971193129	509
1710	971193144	971193591	447
1711	971194050	971194051	1
1712	971195448	971195511	63
1713	971195599	971195666	67
1714	971195899	971195965	66
1715	971196104	971196776	672
1716	971196782	971197294	512
1717	971197309	971201624	4315
1718	971202271	971202303	32
1719	971202352	971202394	42
1720	971202525	971202530	5
1721	971202639	971202705	66
1722	971203142	971204499	1357
1723	971204736	971205431	695
1724	971205437	971205953	516
1725	971205968	971211837	5869
1726	971211973	971212232	259
1727	971212306	971213162	856
1728	971213167	971213679	512
1729	971213694	971213815	121
1730	971213912	971214757	845
1731	971214763	971215273	510
1732	971215288	971218202	2914
1733	971218644	971223112	4468
1734	971224519	971224542	23
1735	971224659	971224699	40
1736	971225172	971225219	47
1737	971225312	971225778	466
1738	971229415	971230710	1295
1739	971230716	971231233	517
1740	971231248	971241004	9756
1741	971241308	971241821	513
1742	971241826	971242339	513
1743	971242354	971243005	651
1744	971243368	971243890	522
1745	971243896	971244411	515
1746	971244426	971260575	16149
1747	971260719	971260976	257
1748	971261529	971261570	41
1749	971262081	971262082	1
1750	971262166	971263183	1017
1751	971263194	971263710	516
1752	971263725	971271656	7931
1753	971272046	971272796	750
1754	971272802	971273349	547
1755	971273364	971280624	7260
1756	971280834	971281380	546
1757	971281395	971281464	69
1758	971281479	971281991	512
1759	971282006	971292267	10261
1760	971292484	971293150	666
1761	971293156	971293667	511
1762	971293682	971297508	3826
1763	971297843	971297846	3
1764	971297883	971297889	6
1765	971298985	971298988	3
1766	971298992	971299562	570
1767	971299567	971300077	510
1768	971300092	971301007	915
1769	971306394	971308296	1902
1770	971308306	971308818	512
1771	971309513	971310878	1365
1772	971310883	971311393	510
1773	971320311	971351845	31534
1774	971352064	971352670	606
1775	971352676	971353186	510
1776	971353201	971361493	8292
1777	971361773	971362043	270
1778	971362188	971362735	547
1779	971362740	971363258	518
1780	971363273	971385635	22362
1781	971385886	971386619	733
1782	971386624	971387135	511
1783	971387150	971427298	40148
1784	971427425	971427694	269
1785	971427945	971428432	487
1786	971428437	971428946	509
1787	971428961	971429036	75
1788	971429164	971429713	549
1789	971429723	971430237	514
1790	971430252	971450792	20540
1791	971450988	971450997	9
1792	971451241	971451284	43
1793	971451444	971452028	584
1794	971452034	971452060	26
1795	971452249	971452832	583
1796	971452838	971453054	216
1797	971453389	971453396	7
1798	971453821	971453892	71
1799	971454085	971454168	83
1800	971454232	971454710	478
1801	971454715	971455073	358
1802	971455281	971455342	61
1803	971457793	971457835	42
1804	971457871	971457911	40
1805	971458913	971458976	63
1806	971459097	971459754	657
1807	971459759	971460272	513
1808	971460287	971462598	2311
1809	971463611	971464220	609
1810	971464477	971464636	159
1811	971464784	971464789	5
1812	971475133	971475137	4
1813	971475223	971475226	3
1814	971475310	971475315	5
1815	971475386	971475390	4
1816	971477141	971477148	7
1817	971477167	971477176	9
1818	971477226	971477236	10
1819	971477419	971477426	7
1820	971477489	971477497	8
1821	971477520	971477528	8
1822	971477544	971477556	12
1823	971477659	971477701	42
1824	971477825	971477897	72
1825	971477959	971477971	12
1826	971478086	971478104	18
1827	971478170	971478171	1
1828	971478303	971478359	56
1829	971478387	971478412	25
1830	971479241	971479524	283
1831	971480011	971482758	2747
1832	971482899	971482913	14
1833	971483088	971483094	6
1834	971483234	971483241	7
1835	971483545	971483608	63
1836	971483689	971483736	47
1837	971483828	971483912	84
1838	971483979	971484433	454
1839	971484448	971484526	78
1840	971484541	971485054	513
1841	971485069	971485546	477
1842	971486410	971486478	68
1843	971486825	971487598	773
1844	971487605	971487821	216
1845	971487880	971488336	456
1846	971488503	971489456	953
1847	971489633	971490226	593
1848	971490232	971490456	224
1849	971490672	971491102	430
1850	971491279	971491939	660
1851	971491944	971492167	223
1852	971492367	971492847	480
1853	971493032	971493675	643
1854	971493680	971493923	243
1855	971494323	971495081	758
1856	971495249	971495821	572
1857	971495827	971496340	513
1858	971496355	971496827	472
1859	971497673	971497733	60
1860	971497769	971498265	496
1861	971498271	971498783	512
1862	971498798	971499168	370
1863	971499694	971499695	1
1864	971500518	971501255	737
1865	971501260	971501771	511
1866	971501786	971530759	28973
1867	971531161	971532589	1428
1868	971532709	971532848	139
1869	971532958	971532961	3
1870	971535090	971535133	43
1871	971538454	971538487	33
1872	971538958	971539003	45
1873	971539024	971539161	137
1874	971539464	971539527	63
1875	971539589	971540654	1065
1876	971540665	971540782	117
1877	971541200	971541265	65
1878	971541901	971541964	63
1879	971542374	971542443	69
1880	971542564	971542631	67
1881	971543780	971545455	1675
1882	971559706	971559708	2
1883	971560256	971560341	85
1884	971560387	971560458	71
1885	971560589	971560653	64
1886	971560829	971561378	549
1887	971561433	971562335	902
1888	971562486	971562553	67
1889	971562715	971562780	65
1890	971562837	971563615	778
1891	971563745	971563903	158
1892	971563945	971566498	2553
