966387649
966391866
966393442
966394413
966394925
966397664
966399699
966402474
966402986
966405378
966406375
966407842
966408354
966414250
966416978
966417490
966418455
966419113
966441285
966443175
966461517
966473092
966474255
966476764
966479417
966481193
966481832
966486348
966493384
966495452
966496023
966497292
966498165
966500218
966501077
966501759
966504301
966510884
966513570
966514082
966514559
966517862
966520875
966522064
966523131
966526364
966527531
966528043
966530638
966531410
966533248
966538169
966543236
966544965
966546036
966548824
966575363
966579222
966580938
966582277
966583331
966584804
966586280
966596539
966604174
966639945
966642190
966642731
966646769
966657497
966660269
966661978
966663996
966665930
966669045
966671108
966673044
966679472
966680369
966683268
966683780
966701092
966722619
966732025
966733968
966735378
966736848
966742948
966746722
966747696
966750203
966751344
966754268
966755395
966756902
966758466
966759182
966760087
966762968
966763480
966765024
966766237
966766802
966782018
966809325
966823144
966833036
966851207
966853173
966857130
966867427
966872541
966913077
966915675
966918758
966919270
966919782
966922749
966924221
966924733
966926752
966929865
966931838
966934850
966936368
966936880
966938912
966940945
966950325
966950837
966951349
966953989
966991389
966992136
966993220
967001909
967002421
967004265
967006213
967006869
967009400
967010155
967011838
967012675
967013558
967016254
967018734
967021882
967033097
967035643
967036504
967037444
967044559
967046349
967047820
967048332
967049048
967049560
967050394
967051344
967052777
967054240
967064063
967064575
967067761
967068273
967068785
967069466
967070640
967071912
967072826
967074053
967074979
967076681
967077193
967077746
967078736
967079959
967081262
967082133
967083848
967105292
967106311
967106823
967108117
967110809
967111321
967111833
967112345
967112857
967112746
967113919
967114789
967117048
967117560
967118072
967118584
967119096
967119608
967119178
967120624
967121136
967121648
967121916
967123457
967123969
967124481
967124827
967126802
967127314
967127826
967128338
967128850
967130284
967135649
967136161
967138051
967138563
967139075
967139914
967140426
967141434
967141946
967145781
967147777
967148309
967149541
967150053
967151251
967152551
967153063
967153575
967156475
967156987
967157499
967158011
967158523
967159035
967159547
967160059
967160571
967161083
967161595
967160122
967160634
967161275
967163481
967163993
967164505
967165017
967169310
967169822
967170334
967170846
967171358
967171870
967172382
967172894
967173406
967173918
967174430
967174942
967175122
967175634
967176146
967176658
967177170
967177682
967178194
967178706
967179218
967181379
967181891
967183294
967183806
967184318
967184830
967185976
967186488
967187000
967187512
967189190
967189702
967190214
967190726
967191238
967192446
967192958
967193470
967193982
967194494
967195006
967194849
967195361
967197103
967197615
967198127
967198639
967199151
967199319
967199831
967200343
967203635
967204147
967204659
967205171
967205683
967206195
967207773
967208285
967215520
967216627
967225084
967247550
967251558
967253396
967254356
967254868
967256682
967260423
967260935
967270324
967328837
967329570
967339503
967352706
967353218
967360688
967365838
967369486
967370505
967376194
967376706
967377218
967378185
967378697
967391333
967391845
967406798
967408351
967410641
967412321
967412833
967413791
967421084
967428658
967437113
967448263
967448775
967450508
967469272
967491858
967493438
967494769
967495572
967496546
967497058
967497547
967498885
967500761
967502456
967502968
967503480
967504210
967505021
967506285
967653991
967656468
967656980
967657492
967658004
967658516
967659028
967658510
967662568
967676055
967681935
967704266
967711995
967713049
967713561
967714600
967715935
967717217
967720305
967743445
967745681
967749385
967768828
967791007
967798612
967820760
967853652
967857116
967858364
967859325
967866582
967867094
967868355
967870383
967876471
967880719
967882621
967883939
967892239
967929042
967929739
967941370
967943702
967946498
967947235
967948406
967954503
967958234
967960097
967960609
967962008
967962554
967963962
967964831
967970578
967979229
967979741
967980253
967994582
967996949
968021010
968021560
968022150
968024325
968024949
968027813
968035974
968036543
968042145
968048931
968050009
968051747
968061511
968096312
968098167
968105046
968204116
968205546
968206058
968206570
968206869
968207801
968209358
968211271
968211783
968212921
968215816
968217316
968218339
968247106
968258018
968266815
968272204
968272976
968275051
968275563
968276075
968276587
968277099
968277296
968279580
968280843
968282784
968286572
968291980
968293726
968295215
968296524
968297245
968298037
968298838
968300032
968302008
968303061
968303573
968304612
968305124
968308786
968310083
968311817
968312329
968314774
968316121
968318245
968318943
968319918
968320462
968321618
968323027
968323539
968324051
968324330
968324956
968325793
968326998
968327510
968328015
968329637
968330651
968331163
968331821
968332755
968333267
968334151
968341415
968346591
968347575
968349066
968351275
968352003
968361493
968362444
968362956
968374636
968383150
968384645
968385879
968386830
968387342
968388163
968390786
968391298
968392206
968392718
968394465
968396219
968399785
968402097
968402609
968403301
968405347
968405859
968408660
968409625
968410407
968411184
968426772
968454789
968459293
968469209
968469721
968470233
968478534
968481901
968484926
968485438
968491360
968492050
968558028
968559373
968563874
968564748
968565260
968572145
968578386
968578898
968579551
968580939
968581451
968582820
968583332
968583844
968584356
968585075
968585587
968586827
968589565
968591558
968592070
968633022
968633534
968643522
968648766
968650699
968651530
968655690
968657037
968662082
968664242
968666602
968668022
968669531
968670395
968670907
968677154
968713042
968718882
968721260
968724711
968726307
968729474
968730574
968731086
968734394
968748650
968749162
968750106
968751957
968753294
968754632
968757550
968791695
968792433
968793583
968794095
968794602
968809073
968821010
968823964
968831978
968833392
968836883
968837865
968838638
968840924
968841867
968844853
968873083
968883033
968883849
968884683
968885932
968886444
968888121
968889125
968890072
968890731
968891860
968892372
968893657
968894273
968895425
968896453
968896965
968897490
968898194
968900227
968901901
968904063
968904803
968908310
968911004
968914680
968915192
968918467
968919488
968920722
968925256
968926818
968929072
968929891
968932657
968940153
968941410
968954149
968954661
968972793
968973665
968976662
968977672
968984516
968985028
968986561
968987073
968988309
968989927
968993208
968994364
968994876
968996266
968996778
968997290
968997802
969004572
969005416
969006449
969006961
969007506
969009999
969010511
969011023
969011305
969012314
969012826
969014693
969015205
969015634
969016473
969016985
969018411
969021623
969067614
969071976
969073135
969074127
969074836
969075899
969076645
969079180
969085506
969086566
969087078
969087534
969088834
969094282
969094794
969096664
969099049
969144253
969151082
969152378
969224289
969273576
969328446
969332937
969333785
969335627
969339206
969342529
969343041
969345686
969346514
969347338
969348841
969352128
969353351
969355568
969356080
969357365
969357877
969358389
969358687
969359452
969361074
969361586
969362098
969362743
969365505
969366017
969366628
969400525
969410006
969410893
969412444
969412956
969414165
969430868
969435814
969436326
969441378
969442118
969444078
969445020
969446198
969451274
969461055
969461567
969470652
969472120
969472632
969485273
969486391
969487458
969489275
969489787
969492758
969493270
969493726
969498251
969498901
969500113
969501285
969502249
969502761
969504837
969505349
969514090
969515213
969515981
969528576
969529759
969530271
969531643
969532840
969533475
969534063
969535601
969542076
969546026
969546538
969570874
969571386
969571786
969577631
969581161
969587542
969588054
969589101
969589838
969590441
969590978
969592590
969594159
969595338
969596971
969600326
969601388
969602196
969603203
969604476
969605846
969607953
969610716
969615466
969617511
969618105
969666864
969668404
969673597
969681499
969686074
969688555
969692879
969694818
969696919
969699757
969702852
969703364
969704041
969706159
969706785
969781201
969785116
969788631
969791523
969836211
969839740
969841495
969848915
969850502
969851055
969857830
969858678
969859350
969860486
969862477
969864294
969866012
969866716
969868157
969870044
969872786
969878817
969880836
969920562
969922309
969925289
969937561
969947749
969948613
970009391
970069612
970081752
970086883
970087395
970089339
970093625
970094298
970095177
970104262
970107751
970110562
970112140
970115150
970117645
970119009
970121654
970122956
970123862
970126586
970127784
970129108
970130898
970131595
970132980
970133884
970137680
970149464
970149976
970152035
970152669
970154859
970159322
970161340
970161852
970162944
970164354
970166499
970167011
970167903
970171745
970172678
970173475
970174114
970175965
970178627
970183587
970185186
970186456
970187391
970187903
970189425
970189937
970190442
970191144
970192805
970194348
970200918
970201938
970272705
970273486
970277365
970288892
970293087
970301361
970309205
970375585
970376736
970377335
970380449
970380961
970382543
970384431
970386684
970438396
970440560
970441072
970441584
970442096
970456472
970459501
970475426
970476288
970481144
970482346
970487053
970487944
970488520
970502209
970503438
970509218
970509730
970511253
970512492
970513004
970513516
970535505
970539017
970539529
970540041
970540553
970542597
970543498
970560710
970562684
970563196
970564668
970569810
970572015
970572809
970574915
970633297
970636520
970637606
970639857
970640369
970640881
970641114
970644096
970646308
970647471
970648694
970649614
970650581
970651809
970652890
970654737
970655631
970657804
970660011
970665756
970667785
970669661
970677298
970694725
970695752
970731379
970732602
970735015
970736124
970736904
970738387
970739250
970740572
970741084
970742467
970743700
970746540
970747932
970748852
970749364
970753191
970756194
970760531
970765490
970766212
970767244
970771274
970771786
970772380
970774406
970775463
970780032
970780917
970781429
970782477
970783613
970784853
970785536
970786713
970787831
970788343
970788855
970789491
970792472
970793250
970796657
970798084
970798974
970800195
970800707
970801219
970801962
970802474
970802986
970803720
970809011
970809523
970810960
970811472
970811984
970812226
970814208
970814720
970815789
970816301
970817597
970818743
970819255
970819767
970820170
970821374
970821886
970822398
970822849
970824036
970825666
970830237
970832058
970832570
970835768
970836899
970837411
970837897
970900635
970903261
970908900
970909867
970910521
970913213
970914775
970916509
970940980
970944283
970947917
970948429
970952966
970953478
970954049
970962301
970965472
970965984
971004451
971025714
971060490
971062778
971065067
971065579
971069360
971069872
971070384
971070896
971074715
971076016
971130778
971135068
971135580
971136653
971137165
971137677
971147235
971147747
971151073
971151883
971153388
971158165
971162443
971167505
971169720
971175055
971197988
971198500
971204094
971206623
971207135
971207688
971208940
971210203
971211082
971215725
971217521
971219342
971220625
971221137
971221649
971222376
971222888
971230057
971230569
971285233
971286400
971286912
971320726
971332088
971332600
971334298
971335306
971336737
971337249
971338980
971360980
971371507
971372517
971373241
971374488
971379397
971382079
971382950
971383973
971384839
971389151
971391930
971392764
971393535
971394844
971396295
971397224
971401396
971407020
971408135
971416326
971418485
971419954
971422181
971422944
971425839
971426778
971430789
971431728
971432555
971433968
971435386
971435898
971436690
971459445
971460015
971520830
971522583
