# seg	start		stop		duration
0 966384015		966428254	44239
1 966428370		966428403	33
2 966428437		966428445	8
3 966428534		966428681	147
4 966428735		966429491	756
5 966429506		966433714	4208
6 966434623		966435121	498
7 966435182		966435604	422
8 966435699		966437377	1678
9 966437502		966438393	891
10			966438408	966443713	5305
11			966443843	966443850	7
12			966443953	966444389	436
13			966444404	966451639	7235
14			966451719	966451721	2
15			966451743	966451744	1
16			966451781	966451783	2
17			966451789	966451791	2
18			966451806	966451809	3
19			966451819	966452190	371
20			966452205	966452722	517
21			966452923	966453313	390
22			966453328	966453434	106
23			966453521	966453970	449
24			966453985	966455329	1344
25			966455462	966455464	2
26			966455523	966455885	362
27			966455900	966456141	241
28			966456349	966456760	411
29			966456775	966470755	13980
30			966470855	966470856	1
31			966470894	966470926	32
32			966470962	966470998	36
33			966471187	966471612	425
34			966471627	966494210	22583
35			966494306	966494342	36
36			966494418	966495101	683
37			966495116	966518153	23037
38			966518263	966518300	37
39			966518631	966519345	714
40			966519360	966531792	12432
41			966531937	966531938	1
42			966532166	966532712	546
43			966532727	966533664	937
44			966533821	966534219	398
45			966534234	966541746	7512
46			966541916	966541952	36
47			966542073	966542496	423
48			966542511	966564203	21692
49			966564437	966564442	5
50			966564652	966565095	443
51			966565110	966600448	35338
52			966600868	966600869	1
53			966601156	966601157	1
54			966601169	966601170	1
55			966602044	966602450	406
56			966602563	966602881	318
57			966603011	966603294	283
58			966603434	966604524	1090
59			966604539	966618113	13574
60			966618333	966618661	328
61			966618775	966619254	479
62			966619269	966630217	10948
63			966630890	966630892	2
64			966631715	966632033	318
65			966632142	966632143	1
66			966632251	966632253	2
67			966633136	966633678	542
68			966633693	966651406	17713
69			966652705	966652707	2
70			966653181	966653183	2
71			966653422	966653423	1
72			966653512	966653515	3
73			966653609	966653612	3
74			966653707	966653709	2
75			966653856	966653857	1
76			966654028	966654031	3
77			966654044	966654045	1
78			966654067	966654069	2
79			966654168	966654174	6
80			966654287	966654289	2
81			966654417	966654419	2
82			966654541	966654542	1
83			966654547	966654549	2
84			966654558	966654560	2
85			966654795	966654799	4
86			966654878	966654881	3
87			966654931	966654933	2
88			966654953	966654956	3
89			966655057	966655062	5
90			966655173	966655177	4
91			966655362	966656055	693
92			966656070	966686540	30470
93			966686920	966687455	535
94			966687470	966687953	483
95			966700241	966700243	2
96			966700300	966700305	5
97			966700516	966701374	858
98			966703835	966703837	2
99			966703861	966703862	1
100			966703900	966703902	2
101			966703934	966703939	5
102			966703985	966705169	1184
103			966705184	966715840	10656
104			966716068	966716498	430
105			966716513	966717828	1315
106			966717937	966717943	6
107			966717982	966718435	453
108			966718450	966730022	11572
109			966730690	966731068	378
110			966731083	966772299	41216
111			966772735	966772736	1
112			966773442	966773444	2
113			966773484	966773902	418
114			966773917	966776696	2779
115			966778155	966778663	508
116			966778789	966779216	427
117			966779231	966792734	13503
118			966792821	966792837	16
119			966792949	966792951	2
120			966792966	966793375	409
121			966793390	966794192	802
122			966794301	966794323	22
123			966794359	966794369	10
124			966794426	966794439	13
125			966794490	966794498	8
126			966794548	966794577	29
127			966794701	966794706	5
128			966794799	966795309	510
129			966795324	966796661	1337
130			966796736	966796769	33
131			966796838	966797002	164
132			966797108	966797117	9
133			966797203	966797227	24
134			966797301	966797817	516
135			966797832	966798768	936
136			966798861	966798881	20
137			966798934	966798946	12
138			966799132	966799296	164
139			966799444	966799551	107
140			966799734	966800016	282
141			966800304	966800705	401
142			966800720	966811991	11271
143			966813102	966813481	379
144			966813496	966813535	39
145			966813638	966814018	380
146			966814033	966864277	50244
147			966864490	966864492	2
148			966864565	966864566	1
149			966865137	966865841	704
150			966865856	966879092	13236
151			966879535	966879974	439
152			966879989	966946065	66076
153			966946609	966946986	377
154			966947001	966948048	1047
155			966948338	966948341	3
156			966948365	966948470	105
157			966948682	966948699	17
158			966948751	966949146	395
159			966949161	966961068	11907
160			966961299	966961300	1
161			966961348	966961350	2
162			966961398	966961400	2
163			966961549	966961931	382
164			966961946	966967662	5716
165			966967907	966968224	317
166			966968343	966968763	420
167			966968778	966971455	2677
168			966971762	966971778	16
169			966972064	966972809	745
170			966972824	966974559	1735
171			966974655	966974665	10
172			966974713	966974885	172
173			966975148	966975150	2
174			966975187	966975352	165
175			966975536	966975940	404
176			966975955	966976062	107
177			966976189	966976193	4
178			966976222	966976225	3
179			966976470	966976472	2
180			966976645	966976649	4
181			966976668	966977007	339
182			966977022	966994129	17107
183			966994208	966994214	6
184			966994248	966994264	16
185			966994300	966994312	12
186			966994359	966994710	351
187			966994725	967023273	28548
188			967023478	967023510	32
189			967023674	967024119	445
190			967024134	967024183	49
191			967024347	967024732	385
192			967024747	967029316	4569
193			967029605	967029606	1
194			967029657	967030058	401
195			967030073	967032055	1982
196			967032254	967032256	2
197			967032359	967032758	399
198			967032773	967033896	1123
199			967034181	967034237	56
200			967034290	967034324	34
201			967034362	967034742	380
202			967034757	967040522	5765
203			967041350	967041352	2
204			967041501	967041517	16
205			967041755	967042224	469
206			967042346	967042804	458
207			967042819	967056660	13841
208			967056826	967056827	1
209			967056891	967056892	1
210			967056996	967057001	5
211			967058197	967058199	2
212			967058274	967058280	6
213			967058372	967058749	377
214			967058764	967059064	300
215			967059171	967059508	337
216			967059523	967059638	115
217			967059844	967060250	406
218			967060265	967060757	492
219			967060945	967061504	559
220			967061519	967062154	635
221			967062299	967062307	8
222			967062353	967062355	2
223			967062477	967062877	400
224			967062892	967062937	45
225			967063191	967063527	336
226			967063542	967075790	12248
227			967075805	967085728	9923
228			967098710	967098714	4
229			967104174	967104229	55
230			967104302	967104393	91
231			967104460	967104533	73
232			967104612	967119750	15138
233			967119765	967128824	9059
234			967129139	967129566	427
235			967129581	967130778	1197
236			967131145	967131662	517
237			967131677	967143310	11633
238			967143442	967143818	376
239			967143833	967164655	20822
240			967164783	967164785	2
241			967164807	967164819	12
242			967164840	967165183	343
243			967165198	967177645	12447
244			967177727	967177758	31
245			967177855	967177856	1
246			967177858	967177859	1
247			967177873	967178257	384
248			967178272	967178696	424
249			967179750	967180165	415
250			967180180	967209364	29184
251			967209496	967209499	3
252			967209573	967209748	175
253			967209795	967209831	36
254			967210226	967210230	4
255			967210349	967210354	5
256			967210528	967210562	34
257			967210596	967212117	1521
258			967212132	967232335	20203
259			967232631	967232992	361
260			967233007	967291613	58606
261			967291879	967291909	30
262			967292240	967292241	1
263			967292338	967292339	1
264			967292387	967292388	1
265			967292425	967292426	1
266			967292614	967292615	1
267			967292666	967292667	1
268			967293574	967293575	1
269			967293610	967293611	1
270			967293830	967293831	1
271			967294052	967294053	1
272			967294094	967294095	1
273			967294100	967294224	124
274			967297302	967298547	1245
275			967298641	967298749	108
276			967299058	967299673	615
277			967299816	967299817	1
278			967299826	967300450	624
279			967300604	967300605	1
280			967318176	967318177	1
281			967318811	967322875	4064
282			967322890	967335328	12438
283			967335451	967335465	14
284			967335514	967335889	375
285			967335904	967337672	1768
286			967337770	967337802	32
287			967337938	967338329	391
288			967338344	967383284	44940
289			967384264	967384265	1
290			967384413	967384414	1
291			967384464	967384735	271
292			967384831	967385332	501
293			967385347	967394797	9450
294			967394921	967394923	2
295			967394996	967395395	399
296			967395410	967417243	21833
297			967417380	967417381	1
298			967417387	967417388	1
299			967418258	967418670	412
300			967418685	967471583	52898
301			967472502	967472503	1
302			967474179	967475713	1534
303			967475728	967476261	533
304			967476357	967476358	1
305			967476365	967476566	201
306			967476768	967477014	246
307			967477097	967477564	467
308			967477725	967478077	352
309			967478092	967490503	12411
310			967490677	967490768	91
311			967490836	967491225	389
312			967491240	967548921	57681
313			967557541	967558839	1298
314			967558911	967562465	3554
315			967562480	967568587	6107
316			967581000	967584246	3246
317			967584261	967645738	61477
318			967645910	967646337	427
319			967646352	967663699	17347
320			967663877	967664232	355
321			967664247	967731412	67165
322			967731515	967731546	31
323			967731631	967731649	18
324			967731694	967731695	1
325			967731871	967731891	20
326			967731973	967732076	103
327			967732227	967732229	2
328			967732261	967732591	330
329			967732688	967732817	129
330			967733005	967733563	558
331			967733578	967762194	28616
332			967762358	967762366	8
333			967762419	967762793	374
334			967762808	967763031	223
335			967763116	967763533	417
336			967763548	967776229	12681
337			967776334	967776365	31
338			967776409	967776440	31
339			967776487	967776519	32
340			967776562	967776976	414
341			967776991	967777157	166
342			967777249	967777624	375
343			967777639	967813310	35671
344			967813450	967813580	130
345			967814018	967814019	1
346			967814477	967814889	412
347			967814959	967815450	491
348			967815465	967898300	82835
349			967898690	967898691	1
350			967898939	967898940	1
351			967899224	967899226	2
352			967899593	967899595	2
353			967902589	967902590	1
354			967902659	967902676	17
355			967902840	967902846	6
356			967903036	967903046	10
357			967903232	967903234	2
358			967903500	967903502	2
359			967904643	967904671	28
360			967905325	967905330	5
361			967905678	967905682	4
362			967905853	967905864	11
363			967914512	967914528	16
364			967920080	967920081	1
365			967920094	967921301	1207
366			967921316	967922906	1590
367			967924095	967924986	891
368			967925001	967925413	412
369			967925529	967926958	1429
370			967926973	967928306	1333
371			967928383	967928740	357
372			967928755	967944809	16054
373			967944900	967944903	3
374			967944954	967944986	32
375			967945073	967945433	360
376			967945448	967982279	36831
377			967982373	967982405	32
378			967982467	967982468	1
379			967982563	967982565	2
380			967982983	967982985	2
381			967983130	967983131	1
382			967983350	967983351	1
383			967983524	967983526	2
384			967983990	967983991	1
385			967984067	967984069	2
386			967984993	967984994	1
387			967984995	967984998	3
388			967985273	967985275	2
389			967985441	967985442	1
390			967985624	967985626	2
391			967985687	967985689	2
392			967985855	967985859	4
393			967986098	967986101	3
394			967986226	967986227	1
395			967986304	967986307	3
396			967986328	967986331	3
397			967986345	967986348	3
398			967986424	967987200	776
399			967987215	967987383	168
400			967987810	967988235	425
401			967988250	967998570	10320
402			967998685	967999079	394
403			967999094	968053707	54613
404			968058239	968058744	505
405			968058759	968065678	6919
406			968065830	968065831	1
407			968065888	968065890	2
408			968065909	968065910	1
409			968065925	968065927	2
410			968066040	968066041	1
411			968066042	968066044	2
412			968066073	968066075	2
413			968066082	968066083	1
414			968066231	968066232	1
415			968066246	968066248	2
416			968066264	968066265	1
417			968066345	968066347	2
418			968066414	968066843	429
419			968066858	968075442	8584
420			968076041	968076076	35
421			968076138	968076173	35
422			968076229	968076230	1
423			968076447	968076482	35
424			968076719	968076755	36
425			968076798	968076834	36
426			968076888	968076929	41
427			968077029	968077065	36
428			968077159	968077197	38
429			968077246	968077284	38
430			968077432	968077469	37
431			968077524	968077645	121
432			968077751	968077754	3
433			968077760	968077764	4
434			968078041	968078103	62
435			968078180	968078219	39
436			968079010	968079049	39
437			968079162	968079199	37
438			968079242	968079281	39
439			968079318	968079331	13
440			968079391	968079430	39
441			968079466	968079479	13
442			968079513	968079551	38
443			968079686	968079724	38
444			968079795	968079836	41
445			968079883	968079922	39
446			968079975	968080011	36
447			968080143	968080791	648
448			968081669	968082380	711
449			968082673	968083803	1130
450			968083891	968083949	58
451			968084021	968084209	188
452			968084383	968084688	305
453			968084768	968085448	680
454			968085463	968085860	397
455			968085952	968086278	326
456			968086437	968086711	274
457			968086812	968088059	1247
458			968088154	968088594	440
459			968088738	968089610	872
460			968089775	968090068	293
461			968090322	968091304	982
462			968091395	968092290	895
463			968092305	968114701	22396
464			968115264	968115265	1
465			968115316	968115317	1
466			968115787	968115789	2
467			968116048	968116523	475
468			968116538	968116644	106
469			968116772	968117163	391
470			968117178	968117404	226
471			968193757	968193838	81
472			968195374	968195439	65
473			968195584	968195648	64
474			968195853	968195918	65
475			968196071	968196136	65
476			968196202	968196266	64
477			968196528	968196593	65
478			968196672	968196738	66
479			968196807	968196872	65
480			968196995	968197061	66
481			968198130	968198196	66
482			968198776	968198840	64
483			968198930	968198995	65
484			968199087	968199151	64
485			968199231	968199297	66
486			968199389	968199473	84
487			968199651	968199714	63
488			968199777	968199840	63
489			968199905	968200422	517
490			968200578	968200827	249
491			968201140	968202341	1201
492			968202662	968208239	5577
493			968208300	968208366	66
494			968208451	968208514	63
495			968208589	968208590	1
496			968208600	968208894	294
497			968208963	968212380	3417
498			968212481	968212548	67
499			968212601	968213212	611
500			968214244	968214312	68
501			968214377	968214442	65
502			968214515	968214598	83
503			968214690	968214755	65
504			968214816	968214960	144
505			968215049	968219103	4054
506			968219538	968219608	70
507			968219695	968219767	72
508			968219845	968220176	331
509			968220237	968220334	97
510			968220422	968220487	65
511			968220652	968220741	89
512			968220912	968220984	72
513			968221106	968221666	560
514			968224084	968224162	78
515			968234370	968234438	68
516			968241744	968241814	70
517			968241899	968241972	73
518			968245310	968245318	8
519			968245399	968245404	5
520			968245458	968245465	7
521			968245511	968247365	1854
522			968247457	968247636	179
523			968247732	968247957	225
524			968248048	968248093	45
525			968248135	968248181	46
526			968248218	968248251	33
527			968248294	968248373	79
528			968248431	968248796	365
529			968248849	968248962	113
530			968249023	968249100	77
531			968249198	968249854	656
532			968249914	968250301	387
533			968250361	968251412	1051
534			968252054	968252178	124
535			968252234	968252294	60
536			968252330	968253090	760
537			968253152	968254401	1249
538			968254438	968254531	93
539			968254608	968256496	1888
540			968256603	968256605	2
541			968256647	968256749	102
542			968256812	968257074	262
543			968257206	968257268	62
544			968257342	968257415	73
545			968257472	968258516	1044
546			968258550	968258577	27
547			968258658	968259332	674
548			968259389	968261818	2429
549			968261833	968283286	21453
550			968285637	968286180	543
551			968286195	968336405	50210
552			968338070	968338562	492
553			968338577	968338624	47
554			968338709	968339227	518
555			968339242	968352753	13511
556			968353264	968353977	713
557			968353992	968363915	9923
558			968367654	968368357	703
559			968368372	968368384	12
560			968368469	968369068	599
561			968369083	968369283	200
562			968369423	968369876	453
563			968369891	968370022	131
564			968370170	968370703	533
565			968370718	968375900	5182
566			968376118	968376119	1
567			968376327	968376328	1
568			968376450	968376882	432
569			968376897	968376981	84
570			968377364	968377702	338
571			968377916	968378291	375
572			968378508	968378894	386
573			968378909	968379170	261
574			968379252	968379680	428
575			968379768	968380244	476
576			968380953	968381015	62
577			968381076	968381805	729
578			968381945	968382262	317
579			968382360	968383418	1058
580			968383433	968414634	31201
581			968414794	968414795	1
582			968414956	968414958	2
583			968415006	968415015	9
584			968415646	968416169	523
585			968416184	968423652	7468
586			968424165	968424167	2
587			968424275	968424279	4
588			968424343	968424345	2
589			968424448	968425165	717
590			968425705	968426194	489
591			968426209	968431482	5273
592			968431649	968431650	1
593			968431769	968431775	6
594			968431921	968431923	2
595			968431996	968432510	514
596			968432525	968450636	18111
597			968450843	968451117	274
598			968451970	968452376	406
599			968452391	968497692	45301
600			968497815	968497819	4
601			968498572	968498573	1
602			968498967	968499646	679
603			968499661	968506129	6468
604			968506305	968506307	2
605			968506359	968506361	2
606			968506403	968506638	235
607			968506890	968506973	83
608			968507468	968507526	58
609			968519936	968521248	1312
610			968521263	968533709	12446
611			968541937	968542587	650
612			968544252	968544266	14
613			968544290	968544292	2
614			968544437	968544441	4
615			968544617	968544686	69
616			968544688	968544775	87
617			968544895	968544920	25
618			968544962	968544979	17
619			968545026	968545096	70
620			968545163	968545247	84
621			968545292	968545369	77
622			968545412	968545767	355
623			968545813	968545879	66
624			968545973	968546091	118
625			968546127	968546132	5
626			968546214	968546239	25
627			968546261	968546393	132
628			968546406	968548861	2455
629			968548876	968549575	699
630			968549673	968549781	108
631			968549943	968550053	110
632			968550135	968550241	106
633			968550308	968550416	108
634			968550536	968550645	109
635			968552159	968552185	26
636			968552234	968552350	116
637			968552408	968552518	110
638			968552644	968552758	114
639			968552847	968554651	1804
640			968554666	968566317	11651
641			968566454	968566515	61
642			968566590	968566706	116
643			968566866	968566991	125
644			968567143	968567206	63
645			968567619	968568241	622
646			968568256	968569316	1060
647			968569490	968569532	42
648			968569645	968569760	115
649			968569873	968570625	752
650			968570640	968572939	2299
651			968574276	968574277	1
652			968574390	968574392	2
653			968574747	968575443	696
654			968575458	968587806	12348
655			968588616	968589041	425
656			968589056	968596603	7547
657			968597361	968597827	466
658			968597842	968597864	22
659			968598001	968598402	401
660			968598417	968604288	5871
661			968604489	968604927	438
662			968604942	968614555	9613
663			968614764	968615200	436
664			968615215	968615409	194
665			968615578	968616873	1295
666			968616888	968634910	18022
667			968637710	968638278	568
668			968638293	968675372	37079
669			968675488	968675521	33
670			968675606	968675626	20
671			968675680	968675685	5
672			968675765	968676175	410
673			968676190	968679427	3237
674			968679539	968679541	2
675			968679703	968680090	387
676			968680105	968686788	6683
677			968688010	968688011	1
678			968688182	968688185	3
679			968688198	968688630	432
680			968688645	968691824	3179
681			968692760	968692761	1
682			968692831	968693230	399
683			968693245	968694092	847
684			968694195	968694204	9
685			968694318	968694681	363
686			968694696	968699798	5102
687			968700136	968700482	346
688			968700670	968701053	383
689			968701068	968713996	12928
690			968714244	968714618	374
691			968714633	968717144	2511
692			968717689	968717690	1
693			968717772	968717773	1
694			968717774	968717776	2
695			968717934	968718396	462
696			968718411	968726656	8245
697			968726777	968726783	6
698			968727067	968727068	1
699			968727135	968727543	408
700			968727558	968754987	27429
701			968755461	968755828	367
702			968755843	968755848	5
703			968755986	968756363	377
704			968756378	968758172	1794
705			968758322	968758324	2
706			968758353	968758729	376
707			968758744	968759062	318
708			968759164	968759196	32
709			968759230	968759652	422
710			968759667	968761760	2093
711			968761918	968761919	1
712			968761941	968761946	5
713			968761999	968762002	3
714			968762129	968762499	370
715			968762514	968764740	2226
716			968764871	968764880	9
717			968765034	968765035	1
718			968765043	968765467	424
719			968765482	968766242	760
720			968766356	968766358	2
721			968766959	968767022	63
722			968767144	968767542	398
723			968767557	968789100	21543
724			968789375	968789376	1
725			968789558	968789563	5
726			968789807	968789808	1
727			968789826	968790214	388
728			968790229	968803958	13729
729			968804222	968804494	272
730			968804830	968805230	400
731			968805245	968805255	10
732			968805437	968805878	441
733			968805893	968814363	8470
734			968814554	968814556	2
735			968814660	968815042	382
736			968815057	968818522	3465
737			968818608	968818609	1
738			968818663	968818666	3
739			968818696	968818699	3
740			968818704	968818976	272
741			968819307	968819700	393
742			968819715	968827348	7633
743			968827436	968827437	1
744			968827473	968827479	6
745			968827545	968827578	33
746			968827730	968827732	2
747			968827838	968827840	2
748			968827859	968827885	26
749			968828042	968828423	381
750			968828438	968835306	6868
751			968835859	968836422	563
752			968836437	968839682	3245
753			968839784	968839785	1
754			968839815	968839817	2
755			968839819	968839851	32
756			968839885	968839899	14
757			968839923	968840300	377
758			968840315	968848102	7787
759			968848226	968848258	32
760			968848371	968848372	1
761			968848413	968848685	272
762			968848841	968849478	637
763			968849493	968849721	228
764			968849736	968849737	1
765			968849908	968850335	427
766			968850350	968851526	1176
767			968851646	968852035	389
768			968852050	968856723	4673
769			968857671	968857673	2
770			968857675	968858183	508
771			968858198	968860694	2496
772			968860870	968861676	806
773			968861691	968879670	17979
774			968879758	968879791	33
775			968879871	968880275	404
776			968880290	968902166	21876
777			968902245	968902277	32
778			968902380	968902412	32
779			968902453	968902854	401
780			968902869	968907138	4269
781			968907234	968907237	3
782			968907336	968907337	1
783			968907401	968907812	411
784			968907827	968908883	1056
785			968909374	968909776	402
786			968909791	968913064	3273
787			968913188	968913193	5
788			968913206	968913209	3
789			968913210	968913213	3
790			968913319	968913646	327
791			968913734	968913735	1
792			968913751	968914126	375
793			968914141	968917074	2933
794			968917462	968917464	2
795			968917512	968917515	3
796			968917607	968917982	375
797			968917997	968927960	9963
798			968928099	968928133	34
799			968928186	968928562	376
800			968928577	968930354	1777
801			968930547	968930549	2
802			968930591	968930596	5
803			968930768	968930773	5
804			968930815	968930823	8
805			968931028	968931435	407
806			968931450	968936421	4971
807			968936584	968936586	2
808			968936729	968937113	384
809			968937128	968938049	921
810			968938166	968938168	2
811			968938170	968938558	388
812			968938573	968950687	12114
813			968950874	968950907	33
814			968951759	968951772	13
815			968951832	968952258	426
816			968952273	968952816	543
817			968952978	968953392	414
818			968953407	968960479	7072
819			968961079	968961080	1
820			968961120	968961121	1
821			968961249	968961250	1
822			968961787	968961791	4
823			968961801	968961802	1
824			968962236	968962726	490
825			968962741	968978816	16075
826			968978919	968978920	1
827			968979367	968979368	1
828			968979386	968979387	1
829			968979492	968979493	1
830			968979779	968979780	1
831			968980338	968980785	447
832			968980800	968981182	382
833			968981265	968981266	1
834			968981311	968981312	1
835			968981396	968981397	1
836			968981466	968981468	2
837			968981483	968981485	2
838			968981543	968981910	367
839			968981925	968982145	220
840			968982319	968982878	559
841			968982893	968985362	2469
842			968985472	968985474	2
843			968985520	968985523	3
844			968985619	968985997	378
845			968986012	968987081	1069
846			968987239	968987360	121
847			968987506	968987887	381
848			968987902	969019212	31310
849			969019315	969019348	33
850			969019485	969019888	403
851			969019903	969023458	3555
852			969023648	969024473	825
853			969024488	969027655	3167
854			969027750	969028148	398
855			969028163	969030868	2705
856			969031014	969031402	388
857			969031417	969035305	3888
858			969035416	969035811	395
859			969035826	969045145	9319
860			969045574	969045844	270
861			969045939	969045940	1
862			969046435	969046437	2
863			969047612	969048650	1038
864			969048665	969049351	686
865			969052073	969053380	1307
866			969053395	969058036	4641
867			969059245	969059246	1
868			969061447	969062119	672
869			969062134	969104538	42404
870			969104753	969105150	397
871			969105775	969105777	2
872			969105963	969105964	1
873			969106092	969106093	1
874			969106733	969107187	454
875			969107202	969110732	3530
876			969110850	969110851	1
877			969110901	969111545	644
878			969111560	969111848	288
879			969118902	969118910	8
880			969118984	969118988	4
881			969119219	969119390	171
882			969119496	969120266	770
883			969120281	969127690	7409
884			969128487	969129026	539
885			969129041	969130557	1516
886			969130811	969131412	601
887			969131427	969153203	21776
888			969171958	969172677	719
889			969173034	969173139	105
890			969173236	969174180	944
891			969174426	969175209	783
892			969175224	969181475	6251
893			969182008	969182009	1
894			969182059	969182061	2
895			969182083	969182488	405
896			969182679	969182865	186
897			969183114	969183124	10
898			969183233	969183237	4
899			969183245	969183255	10
900			969183302	969183305	3
901			969183328	969183555	227
902			969183839	969184016	177
903			969184235	969184361	126
904			969184443	969184520	77
905			969184752	969184758	6
906			969184832	969185108	276
907			969185200	969185210	10
908			969185282	969185862	580
909			969185877	969188731	2854
910			969189152	969189162	10
911			969189383	969189384	1
912			969189401	969189598	197
913			969190102	969190112	10
914			969190176	969190179	3
915			969190322	969190326	4
916			969190344	969190418	74
917			969190609	969191039	430
918			969191054	969193152	2098
919			969193612	969193615	3
920			969193665	969193667	2
921			969193873	969193874	1
922			969194185	969194188	3
923			969194361	969194437	76
924			969194639	969194644	5
925			969194790	969194795	5
926			969194841	969195070	229
927			969195525	969195528	3
928			969195592	969195594	2
929			969195987	969195989	2
930			969196167	969196190	23
931			969196242	969196246	4
932			969196567	969196584	17
933			969196621	969196678	57
934			969197279	969197292	13
935			969197447	969197449	2
936			969197533	969197599	66
937			969197681	969197690	9
938			969198113	969198172	59
939			969198219	969198250	31
940			969198597	969199094	497
941			969199458	969199467	9
942			969199553	969199560	7
943			969199792	969199974	182
944			969200162	969200170	8
945			969200455	969200466	11
946			969200515	969200521	6
947			969200612	969200938	326
948			969201074	969201399	325
949			969201667	969201735	68
950			969202010	969202077	67
951			969202156	969202160	4
952			969202294	969202296	2
953			969202515	969203055	540
954			969203156	969203158	2
955			969203220	969203222	2
956			969203808	969203812	4
957			969204123	969204391	268
958			969205035	969205044	9
959			969205162	969205164	2
960			969205875	969205938	63
961			969206056	969206061	5
962			969206174	969206178	4
963			969206240	969206249	9
964			969206353	969207170	817
965			969207544	969207547	3
966			969207680	969207682	2
967			969207716	969207982	266
968			969208879	969208881	2
969			969209113	969209123	10
970			969209498	969209501	3
971			969209880	969209889	9
972			969210445	969210877	432
973			969210973	969210975	2
974			969211037	969211043	6
975			969211237	969211241	4
976			969211326	969211508	182
977			969211685	969212211	526
978			969212226	969215610	3384
979			969215792	969215798	6
980			969215937	969215943	6
981			969216014	969216026	12
982			969216317	969216618	301
983			969216961	969216967	6
984			969217075	969217077	2
985			969217276	969217279	3
986			969217385	969217623	238
987			969217789	969217795	6
988			969217978	969217983	5
989			969218084	969218464	380
990			969218713	969218719	6
991			969218979	969218986	7
992			969219184	969219778	594
993			969220416	969220506	90
994			969220697	969221124	427
995			969221261	969221659	398
996			969221939	969221942	3
997			969222003	969222236	233
998			969222502	969223037	535
999			969223337	969223346	9
1000			969223451	969223651	200
1001			969223742	969226354	2612
1002			969226706	969226715	9
1003			969226882	969226926	44
1004			969227268	969227271	3
1005			969227463	969227565	102
1006			969227836	969227841	5
1007			969227997	969228015	18
1008			969228115	969228121	6
1009			969228146	969228171	25
1010			969228468	969228471	3
1011			969228547	969228552	5
1012			969229066	969229149	83
1013			969229375	969229387	12
1014			969229716	969230710	994
1015			969230850	969230859	9
1016			969230909	969231796	887
1017			969232754	969232757	3
1018			969232867	969233795	928
1019			969233897	969233903	6
1020			969233995	969234635	640
1021			969234650	969234831	181
1022			969235064	969235420	356
1023			969235569	969236490	921
1024			969236626	969236629	3
1025			969236641	969236894	253
1026			969237256	969237511	255
1027			969237636	969237673	37
1028			969237810	969237882	72
1029			969238122	969239256	1134
1030			969239336	969239626	290
1031			969239871	969239875	4
1032			969240176	969240196	20
1033			969240258	969240263	5
1034			969240317	969240320	3
1035			969240339	969240340	1
1036			969240370	969241435	1065
1037			969241820	969243686	1866
1038			969245560	969246281	721
1039			969246413	969246853	440
1040			969246944	969247431	487
1041			969247446	969259427	11981
1042			969259922	969259930	8
1043			969260061	969260062	1
1044			969260064	969260258	194
1045			969260391	969260896	505
1046			969260911	969278927	18016
1047			969279727	969279730	3
1048			969281032	969281250	218
1049			969281384	969281387	3
1050			969281388	969281395	7
1051			969281617	969281900	283
1052			969282007	969282034	27
1053			969282072	969282119	47
1054			969282320	969283018	698
1055			969283033	969292943	9910
1056			969295187	969295188	1
1057			969295195	969295196	1
1058			969295805	969295813	8
1059			969296516	969296520	4
1060			969296623	969296624	1
1061			969296668	969296670	2
1062			969298793	969298794	1
1063			969300023	969300034	11
1064			969300120	969301325	1205
1065			969301340	969301575	235
1066			969301886	969302292	406
1067			969302648	969303053	405
1068			969303515	969303864	349
1069			969304262	969305005	743
1070			969305097	969305694	597
1071			969305709	969306653	944
1072			969306788	969306882	94
1073			969307216	969307556	340
1074			969307657	969308531	874
1075			969308743	969309366	623
1076			969309682	969309706	24
1077			969309757	969309783	26
1078			969309849	969309942	93
1079			969310042	969310526	484
1080			969310679	969310687	8
1081			969310737	969310750	13
1082			969310804	969314988	4184
1083			969315291	969315292	1
1084			969315334	969317586	2252
1085			969318006	969319858	1852
1086			969319964	969319965	1
1087			969320028	969320029	1
1088			969320034	969320035	1
1089			969320089	969323440	3351
1090			969323867	969325673	1806
1091			969325769	969325881	112
1092			969325988	969326517	529
1093			969326586	969327161	575
1094			969327324	969328766	1442
1095			969328781	969344346	15565
1096			969344487	969345070	583
1097			969345085	969376423	31338
1098			969377187	969377188	1
1099			969377713	969377715	2
1100			969378024	969378025	1
1101			969378065	969378481	416
1102			969378496	969454956	76460
1103			969455059	969455060	1
1104			969455063	969455064	1
1105			969455745	969456148	403
1106			969456163	969456170	7
1107			969456334	969456876	542
1108			969456891	969458337	1446
1109			969458498	969459265	767
1110			969459280	969539202	79922
1111			969540071	969540072	1
1112			969540316	969540317	1
1113			969540467	969540468	1
1114			969540722	969540723	1
1115			969540792	969540793	1
1116			969540913	969540914	1
1117			969540928	969543007	2079
1118			969543022	969555993	12971
1119			969556637	969556638	1
1120			969556707	969556709	2
1121			969556777	969556778	1
1122			969557536	969557537	1
1123			969557563	969558072	509
1124			969558087	969562536	4449
1125			969562651	969563196	545
1126			969563211	969572090	8879
1127			969572178	969572254	76
1128			969573141	969573197	56
1129			969573245	969573324	79
1130			969573483	969573542	59
1131			969574485	969574978	493
1132			969574993	969583008	8015
1133			969583239	969583451	212
1134			969583941	969583945	4
1135			969583967	969583972	5
1136			969584034	969584040	6
1137			969584099	969584556	457
1138			969584571	969629068	44497
1139			969631311	969631743	432
1140			969631758	969631945	187
1141			969632232	969632273	41
1142			969632360	969632755	395
1143			969632851	969633291	440
1144			969633306	969633929	623
1145			969634046	969634047	1
1146			969634058	969634417	359
1147			969634432	969649906	15474
1148			969650266	969650698	432
1149			969650713	969654780	4067
1150			969654885	969654887	2
1151			969655061	969655557	496
1152			969655916	969656041	125
1153			969656175	969656577	402
1154			969656592	969669751	13159
1155			969669857	969670270	413
1156			969670285	969678157	7872
1157			969678286	969678287	1
1158			969678617	969678620	3
1159			969678762	969678771	9
1160			969678920	969679028	108
1161			969679129	969679256	127
1162			969679359	969679366	7
1163			969679406	969679822	416
1164			969679837	969679943	106
1165			969680226	969680228	2
1166			969680242	969680609	367
1167			969680624	969714918	34294
1168			969715315	969715316	1
1169			969715333	969715336	3
1170			969715365	969715371	6
1171			969715443	969715447	4
1172			969715475	969715478	3
1173			969715490	969715500	10
1174			969715586	969715589	3
1175			969715630	969715756	126
1176			969715861	969716141	280
1177			969716806	969717311	505
1178			969717326	969717636	310
1179			969717751	969718203	452
1180			969718218	969718852	634
1181			969719086	969719088	2
1182			969719137	969719144	7
1183			969719318	969719355	37
1184			969719390	969720264	874
1185			969720279	969721430	1151
1186			969721577	969721578	1
1187			969721902	969721903	1
1188			969721939	969721944	5
1189			969722011	969722013	2
1190			969722079	969722088	9
1191			969722124	969722132	8
1192			969722447	969722858	411
1193			969722989	969723004	15
1194			969723077	969723116	39
1195			969723179	969723192	13
1196			969723231	969723239	8
1197			969723377	969723378	1
1198			969723396	969723443	47
1199			969723526	969723551	25
1200			969723632	969723656	24
1201			969723724	969723734	10
1202			969723821	969723822	1
1203			969723885	969723886	1
1204			969723945	969724038	93
1205			969724156	969724212	56
1206			969724249	969724280	31
1207			969724374	969724381	7
1208			969724476	969724532	56
1209			969724624	969725143	519
1210			969725158	969729821	4663
1211			969731204	969731485	281
1212			969731579	969731704	125
1213			969731792	969732205	413
1214			969732220	969741360	9140
1215			969741497	969741515	18
1216			969741567	969741608	41
1217			969741811	969741836	25
1218			969741958	969741973	15
1219			969742054	969742068	14
1220			969742183	969742190	7
1221			969742276	969742329	53
1222			969742687	969742701	14
1223			969742737	969742751	14
1224			969742873	969742884	11
1225			969742944	969742963	19
1226			969743183	969743190	7
1227			969743247	969743252	5
1228			969743317	969743335	18
1229			969743713	969743725	12
1230			969744181	969744190	9
1231			969745836	969746415	579
1232			969775215	969804965	29750
1233			969805095	969805127	32
1234			969805184	969805416	232
1235			969805733	969806131	398
1236			969806146	969810878	4732
1237			969811092	969811374	282
1238			969811558	969812048	490
1239			969812063	969812514	451
1240			969812648	969812711	63
1241			969812852	969813639	787
1242			969813654	969816855	3201
1243			969828903	969829586	683
1244			969829601	969833929	4328
1245			969834066	969834850	784
1246			969834865	969837301	2436
1247			969837584	969837715	131
1248			969837808	969838095	287
1249			969838269	969839277	1008
1250			969839292	969842558	3266
1251			969842649	969843051	402
1252			969844965	969845065	100
1253			969845201	969845222	21
1254			969845372	969846096	724
1255			969846168	969847428	1260
1256			969847443	969847594	151
1257			969847725	969847756	31
1258			969847811	969847845	34
1259			969847935	969849494	1559
1260			969849509	969854672	5163
1261			969854822	969855213	391
1262			969855228	969883529	28301
1263			969883645	969883679	34
1264			969883751	969883794	43
1265			969884208	969884598	390
1266			969884613	969884717	104
1267			969884893	969885283	390
1268			969885298	969889391	4093
1269			969889538	969889539	1
1270			969889544	969889546	2
1271			969889605	969889639	34
1272			969889870	969890266	396
1273			969890281	969893128	2847
1274			969893384	969893386	2
1275			969893532	969893534	2
1276			969893556	969893680	124
1277			969893958	969894056	98
1278			969894716	969895842	1126
1279			969895857	969906679	10822
1280			969906866	969906867	1
1281			969906885	969906896	11
1282			969906961	969906971	10
1283			969907424	969907916	492
1284			969907931	969908272	341
1285			969910594	969910716	122
1286			969911624	969912105	481
1287			969912120	969928057	15937
1288			969928303	969928352	49
1289			969928387	969928480	93
1290			969928602	969928687	85
1291			969928772	969929215	443
1292			969929230	969929625	395
1293			969930452	969930918	466
1294			969930933	969932182	1249
1295			969932295	969932804	509
1296			969932819	969932875	56
1297			969932964	969933274	310
1298			969933730	969933772	42
1299			969933812	969934096	284
1300			969934272	969934321	49
1301			969934423	969934487	64
1302			969934546	969934576	30
1303			969934648	969934669	21
1304			969934791	969935463	672
1305			969935478	969936258	780
1306			969936364	969936916	552
1307			969936931	969937826	895
1308			969937946	969938360	414
1309			969938375	969939183	808
1310			969939272	969939673	401
1311			969939688	969940778	1090
1312			969941427	969941845	418
1313			969941860	969942970	1110
1314			969943187	969943633	446
1315			969943648	969944055	407
1316			969944146	969944532	386
1317			969944547	969949076	4529
1318			969949206	969949317	111
1319			969949420	969949709	289
1320			969949819	969950222	403
1321			969950237	969952015	1778
1322			969952106	969952202	96
1323			969952295	969952704	409
1324			969952719	969953780	1061
1325			969953905	969954295	390
1326			969954310	969958473	4163
1327			969958581	969958968	387
1328			969958983	969959270	287
1329			969959373	969959802	429
1330			969959817	969960473	656
1331			969960812	969960857	45
1332			969960936	969961318	382
1333			969961333	969961541	208
1334			969961656	969962032	376
1335			969962047	969962386	339
1336			969962818	969963211	393
1337			969963226	969964310	1084
1338			969964451	969964545	94
1339			969964618	969965006	388
1340			969965021	969979519	14498
1341			969979877	969980226	349
1342			969980564	969981126	562
1343			969981141	969984242	3101
1344			969984571	969984584	13
1345			969984615	969985116	501
1346			969985131	970010062	24931
1347			970010145	970010164	19
1348			970010199	970010873	674
1349			970010888	970010959	71
1350			970011282	970011288	6
1351			970011335	970011337	2
1352			970011338	970011352	14
1353			970011427	970011474	47
1354			970011561	970011588	27
1355			970011630	970012047	417
1356			970012062	970013674	1612
1357			970013769	970014135	366
1358			970014758	970015224	466
1359			970015239	970015961	722
1360			970016259	970016266	7
1361			970016329	970017596	1267
1362			970017611	970019360	1749
1363			970019568	970019912	344
1364			970020400	970020418	18
1365			970020710	970020970	260
1366			970023598	970024295	697
1367			970024310	970024468	158
1368			970024579	970025013	434
1369			970025028	970025480	452
1370			970025856	970025868	12
1371			970025884	970025967	83
1372			970026054	970026433	379
1373			970026448	970026754	306
1374			970028171	970028251	80
1375			970028339	970028446	107
1376			970028534	970028936	402
1377			970028951	970029506	555
1378			970029812	970030207	395
1379			970030222	970030786	564
1380			970030880	970031139	259
1381			970031210	970031620	410
1382			970031744	970032224	480
1383			970032239	970035590	3351
1384			970035691	970036092	401
1385			970036107	970036111	4
1386			970036221	970036472	251
1387			970036545	970036996	451
1388			970037011	970037515	504
1389			970037601	970037884	283
1390			970037973	970038037	64
1391			970038103	970038171	68
1392			970038230	970038271	41
1393			970038336	970038537	201
1394			970038879	970039283	404
1395			970039298	970048288	8990
1396			970048368	970048766	398
1397			970048781	970051661	2880
1398			970051778	970051799	21
1399			970051876	970051938	62
1400			970052033	970052098	65
1401			970052168	970052169	1
1402			970052228	970052655	427
1403			970052670	970053343	673
1404			970053410	970053810	400
1405			970053825	970053828	3
1406			970053901	970053903	2
1407			970053912	970054185	273
1408			970054274	970054337	63
1409			970054386	970054470	84
1410			970054637	970054655	18
1411			970054699	970054723	24
1412			970054758	970055138	380
1413			970055224	970055730	506
1414			970055745	970056509	764
1415			970056575	970056951	376
1416			970057240	970057581	341
1417			970057784	970057825	41
1418			970057860	970058242	382
1419			970058257	970059855	1598
1420			970059955	970060021	66
1421			970060104	970060138	34
1422			970060190	970060625	435
1423			970060640	970060884	244
1424			970060976	970060984	8
1425			970061064	970061352	288
1426			970061596	970061884	288
1427			970061992	970062052	60
1428			970062094	970062179	85
1429			970062262	970062276	14
1430			970062323	970062344	21
1431			970062441	970062865	424
1432			970062880	970063296	416
1433			970063505	970063638	133
1434			970063873	970063965	92
1435			970064038	970064263	225
1436			970064651	970065201	550
1437			970065216	970065971	755
1438			970066105	970066482	377
1439			970066497	970066517	20
1440			970066532	970066533	1
1441			970066695	970066779	84
1442			970066908	970067078	170
1443			970067175	970067551	376
1444			970067566	970071020	3454
1445			970071099	970071628	529
1446			970071643	970072662	1019
1447			970072738	970072868	130
1448			970073149	970073150	1
1449			970073374	970073375	1
1450			970074472	970074500	28
1451			970074556	970074558	2
1452			970074639	970074640	1
1453			970075816	970075822	6
1454			970075831	970076611	780
1455			970076711	970076800	89
1456			970076869	970076880	11
1457			970076936	970077673	737
1458			970077688	970078011	323
1459			970078085	970078086	1
1460			970078107	970078343	236
1461			970078437	970078438	1
1462			970078458	970078464	6
1463			970078541	970078542	1
1464			970078643	970079278	635
1465			970079293	970083741	4448
1466			970084765	970095559	10794
1467			970097233	970097234	1
1468			970099231	970099378	147
1469			970099530	970100305	775
1470			970100320	970146616	46296
1471			970147396	970147397	1
1472			970147474	970147653	179
1473			970147834	970147841	7
1474			970148028	970148050	22
1475			970148146	970148252	106
1476			970148330	970148339	9
1477			970148391	970148409	18
1478			970148444	970148892	448
1479			970148907	970169527	20620
1480			970169813	970170871	1058
1481			970170886	970174373	3487
1482			970175589	970176363	774
1483			970177579	970210104	32525
1484			970210490	970210587	97
1485			970210693	970211293	600
1486			970211308	970219927	8619
1487			970220075	970220111	36
1488			970220173	970220207	34
1489			970220260	970220261	1
1490			970220262	970220669	407
1491			970220684	970227397	6713
1492			970227485	970227491	6
1493			970227559	970227567	8
1494			970227605	970227616	11
1495			970227674	970227775	101
1496			970227850	970227884	34
1497			970227968	970228450	482
1498			970228465	970228774	309
1499			970229038	970229043	5
1500			970229200	970229265	65
1501			970229456	970229459	3
1502			970229709	970229793	84
1503			970229926	970230360	434
1504			970230375	970236113	5738
1505			970236445	970236897	452
1506			970236912	970236925	13
1507			970237145	970237187	42
1508			970237798	970237803	5
1509			970238351	970238354	3
1510			970238950	970238953	3
1511			970239656	970239664	8
1512			970240228	970240230	2
1513			970241985	970242560	575
1514			970242575	970249204	6629
1515			970263560	970263648	88
1516			970263753	970263770	17
1517			970263841	970263856	15
1518			970263916	970264006	90
1519			970264199	970264239	40
1520			970264394	970264465	71
1521			970264557	970264576	19
1522			970264622	970264648	26
1523			970264768	970264769	1
1524			970264849	970274170	9321
1525			970274256	970274477	221
1526			970274577	970274799	222
1527			970274976	970275012	36
1528			970275112	970275193	81
1529			970275250	970275524	274
1530			970275635	970275636	1
1531			970275698	970275733	35
1532			970275915	970275936	21
1533			970276100	970276102	2
1534			970276122	970276813	691
1535			970276828	970294488	17660
1536			970294596	970294629	33
1537			970294667	970294678	11
1538			970294714	970294748	34
1539			970294796	970295266	470
1540			970295281	970319312	24031
1541			970319712	970319715	3
1542			970319775	970319852	77
1543			970319937	970319971	34
1544			970320047	970320073	26
1545			970320146	970320177	31
1546			970320429	970320436	7
1547			970320500	970320990	490
1548			970321005	970322339	1334
1549			970322566	970324037	1471
1550			970332604	970332611	7
1551			970332745	970332925	180
1552			970333056	970333738	682
1553			970333753	970334230	477
1554			970357478	970357553	75
1555			970357835	970357873	38
1556			970359198	970359200	2
1557			970359428	970359511	83
1558			970359591	970359710	119
1559			970359780	970359846	66
1560			970360206	970360238	32
1561			970360412	970360439	27
1562			970360635	970360676	41
1563			970361014	970361019	5
1564			970361427	970361486	59
1565			970361533	970361575	42
1566			970361644	970361698	54
1567			970361740	970361827	87
1568			970362102	970362161	59
1569			970362217	970362262	45
1570			970362306	970363841	1535
1571			970363927	970364469	542
1572			970364484	970367451	2967
1573			970367546	970367641	95
1574			970367743	970368147	404
1575			970368220	970368614	394
1576			970368700	970368780	80
1577			970368854	970369603	749
1578			970369618	970370592	974
1579			970370700	970370802	102
1580			970370919	970371000	81
1581			970371189	970371570	381
1582			970371714	970371795	81
1583			970371868	970371960	92
1584			970372045	970373291	1246
1585			970373306	970381123	7817
1586			970382155	970382931	776
1587			970384131	970384731	600
1588			970385755	970411290	25535
1589			970411419	970411991	572
1590			970412106	970412107	1
1591			970412119	970412572	453
1592			970412587	970412965	378
1593			970413092	970413147	55
1594			970413221	970413302	81
1595			970413390	970413392	2
1596			970413481	970413751	270
1597			970414035	970414036	1
1598			970414038	970414039	1
1599			970414119	970414200	81
1600			970414284	970414285	1
1601			970414297	970414812	515
1602			970414827	970421843	7016
1603			970421932	970421947	15
1604			970421986	970422003	17
1605			970422052	970422053	1
1606			970422114	970422123	9
1607			970422180	970422235	55
1608			970422281	970422292	11
1609			970423450	970423457	7
1610			970423535	970428344	4809
1611			970428524	970428621	97
1612			970428749	970428773	24
1613			970428879	970428880	1
1614			970428882	970428899	17
1615			970428988	970430128	1140
1616			970430188	970430257	69
1617			970430785	970430786	1
1618			970430793	970430823	30
1619			970430865	970430872	7
1620			970430949	970430957	8
1621			970430991	970431000	9
1622			970431209	970431213	4
1623			970431259	970431655	396
1624			970431708	970431888	180
1625			970432105	970432155	50
1626			970432232	970432248	16
1627			970432322	970432369	47
1628			970432416	970432493	77
1629			970432569	970432650	81
1630			970432791	970432914	123
1631			970433045	970433111	66
1632			970433179	970433452	273
1633			970433521	970433580	59
1634			970433742	970435493	1751
1635			970435508	970436533	1025
1636			970436595	970436618	23
1637			970436688	970436809	121
1638			970436962	970436963	1
1639			970437004	970437046	42
1640			970437182	970437905	723
1641			970437920	970444648	6728
1642			970444807	970445273	466
1643			970445288	970448921	3633
1644			970449067	970449187	120
1645			970449247	970449249	2
1646			970449260	970449331	71
1647			970449410	970450065	655
1648			970450080	970497615	47535
1649			970498889	970499326	437
1650			970499341	970507192	7851
1651			970507289	970507345	56
1652			970507409	970510155	2746
1653			970510546	970513725	3179
1654			970518237	970518239	2
1655			970518642	970518643	1
1656			970518704	970518706	2
1657			970518934	970518935	1
1658			970519018	970519020	2
1659			970519130	970519133	3
1660			970519198	970519200	2
1661			970519417	970519418	1
1662			970519511	970519512	1
1663			970519546	970519548	2
1664			970519594	970519595	1
1665			970519736	970519738	2
1666			970519960	970519962	2
1667			970520003	970520004	1
1668			970520439	970520440	1
1669			970520535	970520536	1
1670			970520693	970520694	1
1671			970520874	970520875	1
1672			970520942	970520945	3
1673			970520968	970520969	1
1674			970520989	970520990	1
1675			970521021	970521022	1
1676			970521071	970521073	2
1677			970521123	970521125	2
1678			970521193	970521197	4
1679			970521211	970521212	1
1680			970521260	970521265	5
1681			970521389	970521391	2
1682			970521402	970521405	3
1683			970521466	970521467	1
1684			970521483	970521488	5
1685			970521709	970521710	1
1686			970521753	970521756	3
1687			970521891	970521892	1
1688			970521931	970521932	1
1689			970522031	970522032	1
1690			970522128	970522129	1
1691			970522217	970522219	2
1692			970522422	970522424	2
1693			970522457	970522458	1
1694			970523730	970523731	1
1695			970533835	970533840	5
1696			970534713	970536313	1600
1697			970536328	970544371	8043
1698			970555870	970555929	59
1699			970555987	970555994	7
1700			970556078	970556157	79
1701			970556216	970556514	298
1702			970556636	970556791	155
1703			970556870	970556896	26
1704			970556939	970557048	109
1705			970557262	970557340	78
1706			970557726	970558310	584
1707			970558400	970558488	88
1708			970558551	970559337	786
1709			970559489	970561090	1601
1710			970561328	970561395	67
1711			970561464	970561526	62
1712			970561619	970561702	83
1713			970561938	970563279	1341
1714			970563294	970565433	2139
1715			970565529	970565567	38
1716			970565622	970565691	69
1717			970565759	970566036	277
1718			970566144	970566222	78
1719			970566283	970566705	422
1720			970566720	970568373	1653
1721			970568482	970568565	83
1722			970568635	970568669	34
1723			970568708	970568727	19
1724			970568794	970568875	81
1725			970568943	970569006	63
1726			970569108	970569493	385
1727			970569508	970570552	1044
1728			970570632	970570723	91
1729			970570799	970571189	390
1730			970571204	970573226	2022
1731			970573301	970573711	410
1732			970573726	970576988	3262
1733			970577082	970577206	124
1734			970577330	970577331	1
1735			970577347	970577426	79
1736			970577539	970577572	33
1737			970577649	970578057	408
1738			970578072	970581376	3304
1739			970582026	970582109	83
1740			970582400	970582402	2
1741			970582523	970582529	6
1742			970582743	970582815	72
1743			970583223	970583224	1
1744			970583352	970583430	78
1745			970583518	970583519	1
1746			970583591	970583597	6
1747			970583939	970583961	22
1748			970584529	970584589	60
1749			970584593	970585082	489
1750			970585122	970585606	484
1751			970586329	970586715	386
1752			970587042	970587060	18
1753			970587233	970587737	504
1754			970587752	970588301	549
1755			970588398	970589228	830
1756			970589243	970589930	687
1757			970589998	970590079	81
1758			970590193	970590253	60
1759			970590343	970590739	396
1760			970590754	970590838	84
1761			970590940	970591527	587
1762			970591542	970591574	32
1763			970591665	970591700	35
1764			970591748	970591852	104
1765			970592204	970592245	41
1766			970592335	970592370	35
1767			970592456	970592500	44
1768			970592617	970592700	83
1769			970592760	970592817	57
1770			970592855	970592868	13
1771			970592910	970592947	37
1772			970592998	970593041	43
1773			970593081	970593151	70
1774			970593240	970593252	12
1775			970593305	970593322	17
1776			970593401	970593442	41
1777			970593490	970593551	61
1778			970593637	970593673	36
1779			970593710	970593722	12
1780			970593758	970594287	529
1781			970594302	970598735	4433
1782			970598804	970599193	389
1783			970599208	970599805	597
1784			970609712	970609769	57
1785			970609809	970610083	274
1786			970610137	970610431	294
1787			970610498	970610504	6
1788			970610600	970610609	9
1789			970610675	970613118	2443
1790			970613183	970615305	2122
1791			970615383	970615463	80
1792			970615528	970617312	1784
1793			970617379	970619768	2389
1794			970619856	970619930	74
1795			970620022	970624746	4724
1796			970624855	970624860	5
1797			970625166	970625172	6
1798			970627541	970627602	61
1799			970627667	970627674	7
1800			970627714	970627737	23
1801			970627773	970629941	2168
1802			970629956	970670592	40636
1803			970672607	970672608	1
1804			970673581	970673614	33
1805			970673650	970674056	406
1806			970674128	970674254	126
1807			970674322	970674408	86
1808			970674497	970674525	28
1809			970674610	970674742	132
1810			970674923	970675003	80
1811			970675090	970675703	613
1812			970675718	970683903	8185
1813			970684240	970684251	11
1814			970684384	970684385	1
1815			970684436	970684437	1
1816			970684507	970684509	2
1817			970684593	970684595	2
1818			970685147	970685148	1
1819			970685208	970685217	9
1820			970685276	970685278	2
1821			970685386	970685388	2
1822			970686201	970686202	1
1823			970686212	970686218	6
1824			970686296	970686298	2
1825			970686362	970686364	2
1826			970686375	970686377	2
1827			970686389	970686390	1
1828			970686430	970686431	1
1829			970686437	970686438	1
1830			970686443	970686445	2
1831			970686553	970686556	3
1832			970686560	970686562	2
1833			970686593	970686594	1
1834			970686612	970686613	1
1835			970686666	970686667	1
1836			970686680	970686681	1
1837			970686754	970686756	2
1838			970686789	970686790	1
1839			970686847	970686850	3
1840			970686892	970686894	2
1841			970686928	970686935	7
1842			970686999	970687000	1
1843			970687012	970687016	4
1844			970687032	970687034	2
1845			970687075	970687079	4
1846			970687105	970687109	4
1847			970687124	970687128	4
1848			970687223	970687225	2
1849			970687228	970687230	2
1850			970687239	970687241	2
1851			970687408	970687409	1
1852			970687780	970687782	2
1853			970687798	970687799	1
1854			970687830	970687832	2
1855			970687969	970687972	3
1856			970687984	970687985	1
1857			970688061	970688062	1
1858			970688133	970688135	2
1859			970688227	970688228	1
1860			970688423	970688424	1
1861			970688696	970688701	5
1862			970688751	970688753	2
1863			970688812	970688813	1
1864			970688840	970688844	4
1865			970688850	970688852	2
1866			970688910	970688913	3
1867			970688954	970688955	1
1868			970689256	970689267	11
1869			970689378	970689379	1
1870			970689742	970689750	8
1871			970689788	970689798	10
1872			970689931	970689940	9
1873			970690003	970690010	7
1874			970690159	970690162	3
1875			970690172	970690175	3
1876			970690396	970690397	1
1877			970690501	970690502	1
1878			970690580	970690581	1
1879			970690802	970690804	2
1880			970690973	970690975	2
1881			970691151	970691152	1
1882			970691218	970691219	1
1883			970691255	970691256	1
1884			970691265	970691266	1
1885			970691296	970691300	4
1886			970691366	970691367	1
1887			970691378	970691379	1
1888			970691389	970691390	1
1889			970691533	970691535	2
1890			970691663	970691664	1
1891			970691721	970691722	1
1892			970691817	970691826	9
1893			970692349	970692351	2
1894			970692538	970692539	1
1895			970692550	970692551	1
1896			970692635	970692636	1
1897			970692772	970692773	1
1898			970692881	970692882	1
1899			970693066	970693067	1
1900			970693233	970693237	4
1901			970693441	970693443	2
1902			970693772	970693773	1
1903			970693824	970693826	2
1904			970693986	970694068	82
1905			970694201	970695018	817
1906			970695033	970758160	63127
1907			970758278	970758310	32
1908			970758984	970758985	1
1909			970759032	970759057	25
1910			970759119	970759211	92
1911			970759454	970760024	570
1912			970760039	970763196	3157
1913			970763282	970763746	464
1914			970763761	970777678	13917
1915			970777829	970778215	386
1916			970778230	970778712	482
1917			970778887	970778908	21
1918			970779115	970779221	106
1919			970779386	970779748	362
1920			970779763	970804452	24689
1921			970804568	970804569	1
1922			970804598	970804873	275
1923			970804948	970805073	125
1924			970805180	970805182	2
1925			970805184	970805186	2
1926			970805237	970805823	586
1927			970805900	970805906	6
1928			970805965	970805969	4
1929			970806001	970806002	1
1930			970806017	970806019	2
1931			970806055	970806057	2
1932			970806073	970806075	2
1933			970806178	970806180	2
1934			970806265	970806287	22
1935			970806288	970806295	7
1936			970807176	970807454	278
1937			970807604	970807682	78
1938			970807789	970808412	623
1939			970808427	970827423	18996
1940			970827581	970827582	1
1941			970827658	970827659	1
1942			970827706	970827707	1
1943			970827768	970827770	2
1944			970827817	970827818	1
1945			970827841	970827843	2
1946			970828078	970828079	1
1947			970828137	970828138	1
1948			970828201	970828203	2
1949			970828211	970828216	5
1950			970828245	970828246	1
1951			970828280	970828281	1
1952			970828289	970828292	3
1953			970828309	970828313	4
1954			970828332	970828334	2
1955			970828340	970828342	2
1956			970828382	970828388	6
1957			970828445	970828488	43
1958			970828523	970828525	2
1959			970828580	970828581	1
1960			970828594	970828598	4
1961			970828632	970828633	1
1962			970828682	970828684	2
1963			970828738	970828849	111
1964			970828915	970832576	3661
1965			970832696	970832702	6
1966			970832751	970832753	2
1967			970832863	970832872	9
1968			970833025	970833105	80
1969			970833174	970833276	102
1970			970833389	970833390	1
1971			970833474	970833492	18
1972			970833581	970833682	101
1973			970833762	970834841	1079
1974			970834923	970835002	79
1975			970835136	970838161	3025
1976			970838275	970838286	11
1977			970838437	970838484	47
1978			970838523	970838540	17
1979			970838578	970839424	846
1980			970839496	970839557	61
1981			970839883	970839892	9
1982			970840247	970840291	44
1983			970840343	970840356	13
1984			970840411	970842441	2030
1985			970842569	970843238	669
1986			970843253	970849044	5791
1987			970849120	970849235	115
1988			970849304	970850989	1685
1989			970851995	970852078	83
1990			970852166	970852167	1
1991			970852684	970852685	1
1992			970852763	970859501	6738
1993			970859987	970859989	2
1994			970860086	970860095	9
1995			970860365	970860382	17
1996			970860616	970860621	5
1997			970860714	970860718	4
1998			970860741	970860746	5
1999			970860790	970860795	5
2000			970860846	970860849	3
2001			970860908	970860914	6
2002			970860956	970860962	6
2003			970861138	970861142	4
2004			970861251	970871898	10647
2005			970871973	970872054	81
2006			970872127	970872157	30
2007			970872190	970872230	40
2008			970872305	970872355	50
2009			970872389	970872550	161
2010			970872645	970872673	28
2011			970872820	970873008	188
2012			970873104	970873108	4
2013			970873129	970873133	4
2014			970873144	970873161	17
2015			970873284	970873401	117
2016			970873500	970873520	20
2017			970873554	970878409	4855
2018			970878424	970881420	2996
2019			970881496	970881531	35
2020			970881706	970882314	608
2021			970882329	970886821	4492
2022			970887006	970887024	18
2023			970887093	970887094	1
2024			970887115	970887467	352
2025			970887482	970900988	13506
2026			970901093	970901176	83
2027			970901248	970901596	348
2028			970901691	970902245	554
2029			970902260	970923181	20921
2030			970923628	970923629	1
2031			970936544	970936547	3
2032			970936631	970936633	2
2033			970936662	970936667	5
2034			970936819	970936852	33
2035			970937015	970937453	438
2036			970937515	970937610	95
2037			970939026	970940113	1087
2038			970940242	970940633	391
2039			970940648	970945251	4603
2040			970946372	970946477	105
2041			970946805	970947232	427
2042			970947247	970950010	2763
2043			970950538	970950540	2
2044			970950649	970951111	462
2045			970951126	970971430	20304
2046			970971575	970971909	334
2047			970971974	970972288	314
2048			970972475	970972961	486
2049			970972976	971014179	41203
2050			971015060	971015875	815
2051			971015890	971019147	3257
2052			971019658	971019664	6
2053			971019785	971019791	6
2054			971019914	971020374	460
2055			971020389	971031722	11333
2056			971032277	971032402	125
2057			971032466	971032545	79
2058			971032792	971033209	417
2059			971033224	971036407	3183
2060			971050029	971050039	10
2061			971050088	971050165	77
2062			971050249	971050815	566
2063			971051530	971052920	1390
2064			971052935	971096310	43375
2065			971097601	971098054	453
2066			971098069	971102877	4808
2067			971103432	971103434	2
2068			971103513	971103520	7
2069			971103699	971103712	13
2070			971103761	971103762	1
2071			971103903	971103908	5
2072			971103957	971104035	78
2073			971104454	971104456	2
2074			971104621	971104631	10
2075			971104694	971105794	1100
2076			971105809	971109103	3294
2077			971109480	971109481	1
2078			971109562	971109565	3
2079			971109606	971109707	101
2080			971109777	971110421	644
2081			971110729	971111263	534
2082			971111278	971121133	9855
2083			971121456	971122055	599
2084			971122502	971122503	1
2085			971122523	971122540	17
2086			971122594	971122595	1
2087			971122652	971122669	17
2088			971123190	971123552	362
2089			971123567	971123885	318
2090			971124049	971124105	56
2091			971124141	971124153	12
2092			971124225	971124233	8
2093			971124287	971124489	202
2094			971124599	971124623	24
2095			971124665	971124736	71
2096			971124850	971124924	74
2097			971125010	971125050	40
2098			971125085	971125125	40
2099			971125161	971125204	43
2100			971125258	971125264	6
2101			971125325	971125812	487
2102			971125827	971129017	3190
2103			971129115	971129390	275
2104			971129453	971129620	167
2105			971129719	971130098	379
2106			971130113	971133039	2926
2107			971133143	971133174	31
2108			971133215	971133291	76
2109			971133389	971133830	441
2110			971133845	971137498	3653
2111			971145392	971145399	7
2112			971145462	971145499	37
2113			971145549	971145671	122
2114			971145826	971146342	516
2115			971146357	971173359	27002
2116			971174240	971174671	431
2117			971174686	971175628	942
2118			971175734	971176155	421
2119			971176170	971182105	5935
2120			971182220	971182222	2
2121			971182461	971182463	2
2122			971182587	971182588	1
2123			971182630	971182715	85
2124			971182788	971183179	391
2125			971183194	971185236	2042
2126			971185319	971185380	61
2127			971185475	971185555	80
2128			971185649	971185772	123
2129			971185842	971185867	25
2130			971185912	971185915	3
2131			971185938	971186042	104
2132			971186165	971186947	782
2133			971186962	971191774	4812
2134			971192487	971192488	1
2135			971192560	971192580	20
2136			971192701	971192704	3
2137			971192743	971192753	10
2138			971192867	971192928	61
2139			971193149	971193162	13
2140			971193203	971193278	75
2141			971193399	971194152	753
2142			971194167	971227365	33198
2143			971227464	971228038	574
2144			971228053	971232341	4288
2145			971232433	971232729	296
2146			971232792	971233363	571
2147			971233378	971233517	139
2148			971233811	971233837	26
2149			971233918	971234337	419
2150			971234352	971235726	1374
2151			971235870	971235872	2
2152			971235884	971235886	2
2153			971235926	971236325	399
2154			971236340	971246728	10388
2155			971247555	971247938	383
2156			971247953	971248116	163
2157			971248323	971248593	270
2158			971248667	971248674	7
2159			971248737	971248815	78
2160			971248922	971248947	25
2161			971249002	971249389	387
2162			971249404	971253048	3644
2163			971253140	971253141	1
2164			971253234	971253237	3
2165			971253386	971253388	2
2166			971253558	971253586	28
2167			971253686	971253809	123
2168			971253906	971253907	1
2169			971254292	971254306	14
2170			971254331	971254768	437
2171			971254783	971258989	4206
2172			971259271	971259276	5
2173			971259398	971259399	1
2174			971259522	971259797	275
2175			971259924	971260324	400
2176			971260339	971262201	1862
2177			971262291	971262293	2
2178			971262294	971262296	2
2179			971262336	971262342	6
2180			971262390	971262395	5
2181			971262421	971262831	410
2182			971262846	971263205	359
2183			971263312	971263694	382
2184			971263709	971263938	229
2185			971264112	971264152	40
2186			971264195	971264298	103
2187			971264412	971264860	448
2188			971264875	971264883	8
2189			971264993	971265470	477
2190			971265485	971265501	16
2191			971265629	971265653	24
2192			971265687	971265700	13
2193			971265749	971265823	74
2194			971265895	971265920	25
2195			971265961	971266437	476
2196			971266452	971266793	341
2197			971266903	971266941	38
2198			971266980	971266987	7
2199			971267093	971267124	31
2200			971267171	971267251	80
2201			971267492	971267501	9
2202			971267566	971268262	696
2203			971268277	971269067	790
2204			971269151	971269155	4
2205			971269182	971271383	2201
2206			971271398	971272068	670
2207			971272204	971272209	5
2208			971272243	971272245	2
2209			971272264	971272271	7
2210			971272312	971272314	2
2211			971272321	971272327	6
2212			971272357	971272378	21
2213			971272415	971272428	13
2214			971272509	971272510	1
2215			971272521	971272522	1
2216			971272523	971272526	3
2217			971272582	971272584	2
2218			971272612	971272614	2
2219			971272694	971272695	1
2220			971272723	971272733	10
2221			971272792	971272794	2
2222			971272864	971272866	2
2223			971272929	971272930	1
2224			971272946	971272948	2
2225			971272979	971272981	2
2226			971273010	971273018	8
2227			971273060	971273076	16
2228			971273114	971273115	1
2229			971273150	971273152	2
2230			971273155	971273161	6
2231			971273257	971273381	124
2232			971273452	971273478	26
2233			971273682	971273686	4
2234			971273843	971273844	1
2235			971273945	971273949	4
2236			971274816	971274821	5
2237			971274879	971274880	1
2238			971283159	971283626	467
2239			971283641	971283982	341
2240			971284067	971284069	2
2241			971284105	971284189	84
2242			971284354	971284361	7
2243			971284425	971284427	2
2244			971284636	971284680	44
2245			971284728	971285680	952
2246			971285695	971287876	2181
2247			971287982	971287983	1
2248			971287997	971287999	2
2249			971288021	971288024	3
2250			971288082	971288083	1
2251			971288202	971288208	6
2252			971288244	971288245	1
2253			971288332	971288333	1
2254			971288392	971288393	1
2255			971288396	971288398	2
2256			971288495	971288496	1
2257			971288523	971289014	491
2258			971289029	971291625	2596
2259			971291916	971292466	550
2260			971292481	971292673	192
2261			971292830	971292910	80
2262			971293078	971293095	17
2263			971294301	971294322	21
2264			971294386	971294467	81
2265			971294564	971294574	10
2266			971294622	971294629	7
2267			971294677	971294743	66
2268			971294823	971294829	6
2269			971294917	971294957	40
2270			971295002	971295066	64
2271			971295382	971295463	81
2272			971295533	971295553	20
2273			971295644	971296058	414
2274			971296073	971298194	2121
2275			971298378	971298381	3
2276			971299281	971299406	125
2277			971299556	971299728	172
2278			971299813	971299819	6
2279			971299892	971299898	6
2280			971299932	971299935	3
2281			971300087	971300095	8
2282			971300168	971300236	68
2283			971300316	971300326	10
2284			971300564	971300571	7
2285			971300602	971301059	457
2286			971301074	971302292	1218
2287			971302380	971302498	118
2288			971302582	971302621	39
2289			971302707	971302781	74
2290			971302886	971302991	105
2291			971303119	971303136	17
2292			971303200	971303281	81
2293			971303416	971303546	130
2294			971303718	971303821	103
2295			971303932	971304274	342
2296			971304353	971304387	34
2297			971304434	971304451	17
2298			971304547	971304652	105
2299			971304733	971305192	459
2300			971305317	971305399	82
2301			971306086	971306164	78
2302			971306233	971306766	533
2303			971306781	971307026	245
2304			971307109	971307124	15
2305			971307167	971307249	82
2306			971307357	971307425	68
2307			971307523	971307878	355
2308			971307893	971308332	439
2309			971308601	971308618	17
2310			971308654	971309066	412
2311			971309081	971310560	1479
2312			971310631	971310692	61
2313			971310768	971310804	36
2314			971310890	971310912	22
2315			971310952	971311344	392
2316			971311359	971312162	803
2317			971312254	971312362	108
2318			971312614	971312632	18
2319			971312806	971313201	395
2320			971313310	971313373	63
2321			971313487	971313494	7
2322			971314350	971314545	195
2323			971314635	971315148	513
2324			971315163	971315549	386
2325			971315632	971315916	284
2326			971316012	971316060	48
2327			971316106	971316185	79
2328			971316288	971316319	31
2329			971316366	971316831	465
2330			971316846	971317494	648
2331			971317600	971317960	360
2332			971317975	971318159	184
2333			971318313	971318922	609
2334			971318937	971319102	165
2335			971319178	971319257	79
2336			971319319	971319745	426
2337			971319760	971321141	1381
2338			971321268	971321331	63
2339			971321461	971321728	267
2340			971321818	971321824	6
2341			971321924	971322051	127
2342			971322136	971322160	24
2343			971322228	971322306	78
2344			971322410	971322864	454
2345			971322879	971323393	514
2346			971323563	971323584	21
2347			971323640	971323664	24
2348			971323791	971324234	443
2349			971324249	971324350	101
2350			971325466	971325856	390
2351			971325871	971326255	384
2352			971327062	971327533	471
2353			971327548	971327587	39
2354			971327680	971327751	71
2355			971327980	971328112	132
2356			971328212	971328608	396
2357			971328623	971328794	171
2358			971328889	971328918	29
2359			971328981	971329086	105
2360			971329199	971329593	394
2361			971329608	971329781	173
2362			971329853	971330246	393
2363			971330261	971330565	304
2364			971330662	971330686	24
2365			971330723	971330831	108
2366			971330922	971330986	64
2367			971331057	971331424	367
2368			971331439	971332642	1203
2369			971332712	971332800	88
2370			971332886	971333448	562
2371			971333524	971333603	79
2372			971333734	971333746	12
2373			971333809	971337380	3571
2374			971337488	971337504	16
2375			971337553	971337564	11
2376			971337635	971337662	27
2377			971337728	971338256	528
2378			971338271	971339456	1185
2379			971339522	971339901	379
2380			971339916	971339973	57
2381			971340103	971340133	30
2382			971340186	971340247	61
2383			971340348	971340375	27
2384			971340411	971340502	91
2385			971340585	971340666	81
2386			971340758	971341015	257
2387			971341124	971341184	60
2388			971341237	971341662	425
2389			971341677	971341747	70
2390			971341821	971341854	33
2391			971341927	971341969	42
2392			971342035	971342386	351
2393			971342450	971342471	21
2394			971342516	971342609	93
2395			971342707	971343069	362
2396			971343084	971343143	59
2397			971344606	971344645	39
2398			971344684	971344739	55
2399			971344813	971344845	32
2400			971344891	971344971	80
2401			971345185	971345265	80
2402			971345358	971345860	502
2403			971345926	971346502	576
2404			971346517	971346797	280
2405			971346859	971347294	435
2406			971347309	971347754	445
2407			971347977	971348215	238
2408			971348321	971348622	301
2409			971348710	971348778	68
2410			971348852	971348875	23
2411			971348972	971348992	20
2412			971349037	971349081	44
2413			971349135	971349542	407
2414			971349685	971349723	38
2415			971349854	971349863	9
2416			971349931	971350018	87
2417			971350113	971350232	119
2418			971350347	971350419	72
2419			971350495	971350496	1
2420			971350510	971350556	46
2421			971350601	971350823	222
2422			971351002	971351011	9
2423			971351114	971351199	85
2424			971351285	971351344	59
2425			971351406	971351415	9
2426			971351455	971351472	17
2427			971351523	971351524	1
2428			971351545	971351558	13
2429			971351596	971351977	381
2430			971352047	971352149	102
2431			971352232	971352334	102
2432			971352420	971352448	28
2433			971352500	971352580	80
2434			971352720	971352742	22
2435			971352778	971352869	91
2436			971353694	971354049	355
2437			971354126	971354155	29
2438			971354269	971354546	277
2439			971354651	971354998	347
2440			971355084	971355294	210
2441			971355565	971355836	271
2442			971355924	971356322	398
2443			971356434	971356571	137
2444			971357474	971357491	17
2445			971357560	971357585	25
2446			971357638	971357706	68
2447			971357878	971357958	80
2448			971358029	971358078	49
2449			971358263	971358304	41
2450			971358374	971358384	10
2451			971358441	971358513	72
2452			971358646	971358664	18
2453			971358742	971358751	9
2454			971358864	971358874	10
2455			971358942	971359022	80
2456			971359329	971359407	78
2457			971359491	971359516	25
2458			971359567	971359692	125
2459			971359792	971359873	81
2460			971359941	971360039	98
2461			971360106	971360122	16
2462			971360228	971360327	99
2463			971360391	971360471	80
2464			971360546	971360583	37
2465			971360636	971360680	44
2466			971360721	971361237	516
2467			971361372	971361391	19
2468			971361484	971361612	128
2469			971361686	971361743	57
2470			971361777	971361825	48
2471			971361867	971362785	918
2472			971362857	971362886	29
2473			971362923	971363002	79
2474			971363064	971363474	410
2475			971363546	971363629	83
2476			971363692	971363965	273
2477			971364065	971364066	1
2478			971364109	971364437	328
2479			971364505	971364582	77
2480			971364644	971364658	14
2481			971364732	971365579	847
2482			971365644	971365645	1
2483			971365676	971365725	49
2484			971365791	971365809	18
2485			971365844	971365857	13
2486			971365898	971365979	81
2487			971366629	971367058	429
2488			971367112	971367172	60
2489			971367257	971367264	7
2490			971367340	971369458	2118
2491			971369546	971369573	27
2492			971369762	971369777	15
2493			971369818	971369823	5
2494			971370659	971372031	1372
2495			971372046	971377525	5479
2496			971377691	971378071	380
2497			971378086	971400227	22141
2498			971400534	971400957	423
2499			971400972	971403446	2474
2500			971403571	971403602	31
2501			971403694	971404162	468
2502			971404177	971404200	23
2503			971404363	971404811	448
2504			971404826	971404917	91
2505			971405004	971405084	80
2506			971405180	971405619	439
2507			971405634	971411560	5926
2508			971412137	971412214	77
2509			971412282	971412704	422
2510			971412719	971413179	460
2511			971413284	971413693	409
2512			971413708	971414800	1092
2513			971414881	971414913	32
2514			971414986	971415544	558
2515			971415559	971444084	28525
2516			971444235	971445125	890
2517			971445264	971445524	260
2518			971445906	971446289	383
2519			971446304	971457557	11253
2520			971457617	971462958	5341
2521			971467360	971467362	2
2522			971467570	971467649	79
2523			971467751	971468609	858
2524			971468678	971468756	78
2525			971468853	971469704	851
2526			971497991	971498014	23
2527			971498101	971498516	415
2528			971498531	971498603	72
2529			971498683	971499097	414
2530			971499112	971528012	28900
2531			971539304	971539336	32
2532			971539353	971539922	569
2533			971539991	971540068	77
2534			971540948	971540974	26
2535			971541024	971541058	34
2536			971541262	971541264	2
2537			971541319	971541321	2
2538			971542065	971545764	3699
2539			971545779	971552930	7151
2540			971553105	971553184	79
2541			971553253	971553644	391
2542			971553659	971554085	426
2543			971554204	971555097	893
2544			971555112	971568015	12903