# seg	start		stop		duration
0 966384015		966426196	42181
1 966426413		966491790	65377
2 966491830		966508280	16450
3 966509560		966525850	16290
4 966536910		966565050	28140
5 966565070		966565080	10
6 966566510		966570075	3565
7 966572850		966580275	7425
8 966580475		966580500	25
9 966598240		966599630	1390
10			966601750	966612830	11080
11			966615630	966623130	7500
12			966624560	966661860	37300
13			966662010	966663100	1090
14			966663430	966663790	360
15			966663810	966664140	330
16			966664180	966664260	80
17			966664280	966664350	70
18			966664400	966664440	40
19			966664480	966664570	90
20			966681430	966765150	83720
21			966767940	966768530	590
22			966768550	966768590	40
23			966768660	966770500	1840
24			966772388	966772400	12
25			966772420	966772490	70
26			966772530	966772700	170
27			966772720	966772730	10
28			966772780	966772810	30
29			966772830	966772890	60
30			966772970	966774760	1790
31			966775720	966862550	86830
32			966865800	966891710	25910
33			966892155	966907695	15540
34			966932715	966932740	25
35			966937090	966938680	1590
36			966938990	966954015	15025
37			966958215	966984260	26045
38			966987540	966989350	1810
39			966999970	967070240	70270
40			967076720	967079290	2570
41			967080520	967082650	2130
42			967082690	967083210	520
43			967084740	967085050	310
44			967122960	967151290	28330
45			967152760	967156820	4060
46			967161570	967182495	20925
47			967187535	967193290	5755
48			967194190	967216700	22510
49			967220450	967223655	3205
50			967224855	967229295	4440
51			967230015	967262110	32095
52			967262240	967263410	1170
53			967263610	967263620	10
54			967263720	967264420	700
55			967264440	967264540	100
56			967264560	967264570	10
57			967264590	967264650	60
58			967264760	967264850	90
59			967264870	967264940	70
60			967264960	967265030	70
61			967265060	967265140	80
62			967265170	967265420	250
63			967303440	967303470	30
64			967306070	967312700	6630
65			967318440	967345620	27180
66			967346300	967353960	7660
67			967355450	967356480	1030
68			967358020	967362850	4830
69			967365820	967366500	680
70			967368430	967368840	410
71			967370790	967379130	8340
72			967379150	967379270	120
73			967379290	967379330	40
74			967379360	967379820	460
75			967379850	967380310	460
76			967380340	967413330	32990
77			967416200	967451120	34920
78			967451140	967451150	10
79			967456460	967470320	13860
80			967472630	967495200	22570
81			967495220	967495620	400
82			967497390	967510250	12860
83			967510270	967510830	560
84			967510850	967513710	2860
85			967520130	967540374	20244
86			967612722	967620820	8098
87			967623150	967650220	27070
88			967650270	967657540	7270
89			967660050	967699575	39525
90			967734130	967796680	62550
91			967800170	967871460	71290
92			967871580	967872740	1160
93			967873080	967873420	340
94			967873440	967873780	340
95			967873800	967874070	270
96			967874100	967874890	790
97			967891630	967892190	560
98			967893090	967893790	700
99			967895430	967895730	300
100			967895750	967897340	1590
101			967900630	967900710	80
102			967900730	967900750	20
103			967900780	967900820	40
104			967900960	967900970	10
105			967900990	967901000	10
106			967901250	967901260	10
107			967901290	967901310	20
108			967901350	967901360	10
109			967901480	967901490	10
110			967901630	967901650	20
111			967901700	967901730	30
112			967901750	967901770	20
113			967901790	967902010	220
114			967915480	967967090	51610
115			967969450	967987560	18110
116			967993270	967993350	80
117			968529889	968530130	241
118			968530150	968530380	230
119			968530400	968530700	300
120			968530720	968530810	90
121			968530830	968530920	90
122			968530940	968531050	110
123			968531070	968531220	150
124			968531240	968531270	30
125			968531290	968531550	260
126			968531570	968531730	160
127			968532940	968532960	20
128			968532980	968533340	360
129			968533370	968533660	290
130			968533680	968534290	610
131			968534320	968534350	30
132			968534470	968534480	10
133			968534500	968534510	10
134			968574930	968575190	260
135			968577690	968684190	106500
136			968688550	968708050	19500
137			968708070	968709690	1620
138			968711020	968761330	50310
139			968763350	968791200	27850
140			968791230	968861770	70540
141			968861790	968862920	1130
142			968863960	968870160	6200
143			968870190	968872010	1820
144			968873680	968933100	59420
145			968933150	969003490	70340
146			969003510	969004370	860
147			969008340	969028370	20030
148			969028390	969029900	1510
149			969037410	969078080	40670
150			969078220	969078920	700
151			969079250	969079560	310
152			969079580	969079910	330
153			969079940	969080350	410
154			969080370	969080410	40
155			969080430	969080490	60
156			969080530	969080580	50
157			969080620	969080690	70
158			969080710	969080780	70
159			969080800	969080880	80
160			969080900	969080980	80
161			969081010	969081080	70
162			969081100	969081180	80
163			969081200	969081220	20
164			969113470	969185760	72290
165			969185780	969199460	13680
166			969199480	969215000	15520
167			969216390	969220293	3903
168			969220544	969221320	776
169			969222830	969222880	50
170			969224320	969355460	131140
171			969356940	969368020	11080
172			969368040	969368250	210
173			969368270	969490210	121940
174			969491520	969591980	100460
175			969593200	969610840	17640
176			969621480	969641520	20040
177			969641550	969652740	11190
178			969652760	969661330	8570
179			969662770	969679815	17045
180			969680415	969685880	5465
181			969686000	969686770	770
182			969686830	969687210	380
183			969687230	969687250	20
184			969687270	969687480	210
185			969687500	969687730	230
186			969688070	969688740	670
187			969688760	969688790	30
188			969688810	969689020	210
189			969689050	969690350	1300
190			969708910	969734235	25325
191			969734715	969813855	79140
192			969814635	969818800	4165
193			969826350	969828000	1650
194			969829970	969855060	25090
195			969856420	969857460	1040
196			969861430	969895680	34250
197			969897860	969912410	14550
198			969925730	969927370	1640
199			969927390	969943450	16060
200			969943470	969951220	7750
201			969951240	969970520	19280
202			969970550	969971060	510
203			969973330	969979420	6090
204			969979440	969979620	180
205			969980350	969995913	15563
206			969996939	969997713	774
207			969998915	969999513	598
208			970000539	970090990	90451
209			970091020	970091070	50
210			970093360	970142690	49330
211			970145110	970188290	43180
212			970222770	970224460	1690
213			970226980	970258710	31730
214			970259520	970268150	8630
215			970290750	970291670	920
216			970291690	970291870	180
217			970292020	970294490	2470
218			970294530	970294540	10
219			970294620	970294640	20
220			970294830	970295620	790
221			970295660	970295770	110
222			970295790	970295860	70
223			970295880	970295950	70
224			970295990	970296060	70
225			970296080	970296150	70
226			970296170	970296230	60
227			970296250	970296330	80
228			970320120	970320320	200
229			970325570	970326090	520
230			970326110	970326120	10
231			970326260	970326270	10
232			970326300	970326360	60
233			970326380	970326430	50
234			970326500	970326530	30
235			970339680	970381130	41450
236			970382156	970382930	774
237			970384132	970384730	598
238			970385756	970386280	524
239			970386310	970405200	18890
240			970405240	970443410	38170
241			970444470	970446930	2460
242			970447980	970452930	4950
243			970454670	970456500	1830
244			970457940	970502760	44820
245			970504430	970547090	42660
246			970558920	970575040	16120
247			970580520	970580820	300
248			970583490	970647780	64290
249			970650930	970750070	99140
250			970750100	970811870	61770
251			970819760	970820040	280
252			970821590	970822870	1280
253			970827680	970829280	1600
254			970831710	970832280	570
255			970839990	970846740	6750
256			970854010	970888270	34260
257			970888290	970890680	2390
258			970890720	970890730	10
259			970890800	970892320	1520
260			970892470	970892480	10
261			970892620	970892950	330
262			970892970	970893300	330
263			970893320	970893370	50
264			970893390	970893600	210
265			970893640	970893720	80
266			970893740	970893810	70
267			970893830	970893910	80
268			970893930	970894010	80
269			970894030	970894100	70
270			970894120	970894210	90
271			970915210	970947810	32600
272			970949120	970978610	29490
273			970980930	970991360	10430
274			970992790	971045050	52260
275			971046960	971063380	16420
276			971065250	971118590	53340
277			971120070	971173960	53890
278			971174020	971180930	6910
279			971186360	971273070	86710
280			971276700	971300660	23960
281			971300680	971504460	203780
282			971520780	971557960	37180
283			971557990	971568015	10025